   1.9010379999999999e-01   1.1125000000000000e+00
   1.8906985000000001e-01   1.1109302000000001e+00
   1.8750000000000000e-01   1.1084763000000000e+00
   1.8906985000000001e-01   1.1109302000000001e+00
   8.1250000000000000e-01   1.1084742999999999e+00
   8.1092938000000003e-01   1.1109294000000001e+00
   8.0989493000000001e-01   1.1125000000000000e+00
   8.1092938000000003e-01   1.1109294000000001e+00
   8.4123870000000001e-01   1.0125000000000000e+00
   8.4050108000000001e-01   1.0094989000000001e+00
   8.3793227999999997e-01   1.0004322999999999e+00
   8.4050108000000001e-01   1.0094989000000001e+00
   8.3781943000000003e-01   1.0000000000000000e+00
   8.3793227999999997e-01   1.0004322999999999e+00
   8.3900889000000001e-01   1.0500000000000000e+00
   8.3939447000000000e-01   1.0481054999999999e+00
   8.4099500000000005e-01   1.0409949999999999e+00
   8.3939447000000000e-01   1.0481054999999999e+00
   8.4166881999999998e-01   1.0375000000000001e+00
   8.4099500000000005e-01   1.0409949999999999e+00
   6.4996785999999995e-01   1.2500000000000000e+00
   6.4998977000000002e-01   1.2499898000000000e+00
   6.4999998000000003e-01   1.2499849999999999e+00
   6.4998977000000002e-01   1.2499898000000000e+00
   1.6249999000000001e-01   9.9920326000000004e-01
   1.6227307999999999e-01   9.9977309000000003e-01
   1.6218932000000000e-01   1.0000000000000000e+00
   1.6227307999999999e-01   9.9977309000000003e-01
   2.0000000000000001e-01   9.5682902000000003e-01
   1.9657105000000000e-01   9.5907103999999999e-01
   1.9172085000000000e-01   9.6249998000000003e-01
   1.9657105000000000e-01   9.5907103999999999e-01
   2.1220907999999999e-01   9.5029092000000004e-01
   2.0436932999999999e-01   9.5436931000000003e-01
   2.1250000999999999e-01   9.5013586000000005e-01
   2.1220907999999999e-01   9.5029092000000004e-01
   2.0000000000000001e-01   9.5682902000000003e-01
   2.0436932999999999e-01   9.5436931000000003e-01
   8.0000000999999998e-01   9.5681819000000001e-01
   7.9563697000000000e-01   9.5436303000000000e-01
   7.8750001999999997e-01   9.5013117999999996e-01
   7.8778066000000002e-01   9.5028062999999996e-01
   7.9563697000000000e-01   9.5436303000000000e-01
   7.8778066000000002e-01   9.5028062999999996e-01
   8.0828822000000000e-01   9.6249998000000003e-01
   8.0343476999999996e-01   9.5906522000000005e-01
   8.0000000999999998e-01   9.5681819000000001e-01
   8.0343476999999996e-01   9.5906522000000005e-01
   8.3781943000000003e-01   1.0000000000000000e+00
   8.3773330999999995e-01   9.9976666999999997e-01
   8.3749998000000003e-01   9.9918099999999999e-01
   8.3773330999999995e-01   9.9976666999999997e-01
   1.5833386999999999e-01   1.0375000000000001e+00
   1.5900702999999999e-01   1.0409930000000001e+00
   1.6060806000000000e-01   1.0481081000000001e+00
   1.5900702999999999e-01   1.0409930000000001e+00
   1.6099297000000001e-01   1.0500000000000000e+00
   1.6060806000000000e-01   1.0481081000000001e+00
   1.6218932000000000e-01   1.0000000000000000e+00
   1.6207943999999999e-01   1.0004204999999999e+00
   1.5950329999999999e-01   1.0095033000000000e+00
   1.6207943999999999e-01   1.0004204999999999e+00
   1.5876630000000000e-01   1.0125000000000000e+00
   1.5950329999999999e-01   1.0095033000000000e+00
   3.4999998999999998e-01   1.2499851000000000e+00
   3.5001009999999999e-01   1.2499899000000001e+00
   3.5003179000000001e-01   1.2500000000000000e+00
   3.5001009999999999e-01   1.2499899000000001e+00
   8.3749998000000003e-01   1.0554117999999999e+00
   8.3867579000000003e-01   1.0511758000000000e+00
   8.3900889000000001e-01   1.0500000000000000e+00
   8.3867579000000003e-01   1.0511758000000000e+00
   6.4999998000000003e-01   1.2499849999999999e+00
   6.5002956000000001e-01   1.2499704000000000e+00
   6.6250001999999997e-01   1.2438448000000000e+00
   6.5841762000000004e-01   1.2459176000000001e+00
   6.5002956000000001e-01   1.2499704000000000e+00
   6.5841762000000004e-01   1.2459176000000001e+00
   6.3749999000000002e-01   1.2558222999999999e+00
   6.4149738000000001e-01   1.2539974000000000e+00
   6.4996785999999995e-01   1.2500000000000000e+00
   6.4149738000000001e-01   1.2539974000000000e+00
   2.3749999999999999e-01   9.4002315000000003e-01
   2.3941858999999999e-01   9.3941859000000005e-01
   2.4570571999999999e-01   9.3750000000000000e-01
   2.3941858999999999e-01   9.3941859000000005e-01
   7.5431703000000005e-01   9.3750000000000000e-01
   7.6058599000000005e-01   9.3941399999999997e-01
   7.6249999000000002e-01   9.4001738000000001e-01
   7.6058599000000005e-01   9.3941399999999997e-01
   1.6099297000000001e-01   1.0500000000000000e+00
   1.6132558000000000e-01   1.0511744000000001e+00
   1.6249999000000001e-01   1.0554072000000001e+00
   1.6132558000000000e-01   1.0511744000000001e+00
   2.0854635999999999e-01   1.1375000000000000e+00
   2.1031923999999999e-01   1.1396808000000000e+00
   2.1250000999999999e-01   1.1423213000000001e+00
   2.1031923999999999e-01   1.1396808000000000e+00
   2.5639588000000002e-01   1.1875000000000000e+00
   2.5964502000000000e-01   1.1903550000000001e+00
   2.6249999000000002e-01   1.1928508000000000e+00
   2.5964502000000000e-01   1.1903550000000001e+00
   7.3750000999999998e-01   1.1928502000000001e+00
   7.4035466000000005e-01   1.1903547000000001e+00
   7.4360340000000003e-01   1.1875000000000000e+00
   7.4035466000000005e-01   1.1903547000000001e+00
   7.8750001999999997e-01   1.1423197000000000e+00
   7.8968004999999997e-01   1.1396800000000000e+00
   7.9145230000000000e-01   1.1375000000000000e+00
   7.8968004999999997e-01   1.1396800000000000e+00
   3.5003179000000001e-01   1.2500000000000000e+00
   3.5850251000000000e-01   1.2539975000000001e+00
   3.6250000999999998e-01   1.2558225000000001e+00
   3.5850251000000000e-01   1.2539975000000001e+00
   3.4158227000000002e-01   1.2459176999999999e+00
   3.4997071000000002e-01   1.2499707000000000e+00
   3.3750001000000002e-01   1.2438450000000001e+00
   3.4158227000000002e-01   1.2459176999999999e+00
   3.4999998999999998e-01   1.2499851000000000e+00
   3.4997071000000002e-01   1.2499707000000000e+00
   1.7728915000000001e-01   9.7500001999999997e-01
   1.7622045000000000e-01   9.7622047000000001e-01
   1.7499999999999999e-01   9.7786532999999998e-01
   1.7622045000000000e-01   9.7622047000000001e-01
   8.2499999000000002e-01   9.7784861999999995e-01
   8.2378733999999998e-01   9.7621267000000000e-01
   8.2272610999999995e-01   9.7500001999999997e-01
   8.2378733999999998e-01   9.7621267000000000e-01
   8.2499999000000002e-01   1.0863422000000000e+00
   8.2460586000000002e-01   1.0871059000000001e+00
   8.2440628000000005e-01   1.0874999999999999e+00
   8.2460586000000002e-01   1.0871059000000001e+00
   8.1779226999999999e-01   1.1000000000000001e+00
   8.2035690999999999e-01   1.0953569000000001e+00
   8.2440628000000005e-01   1.0874999999999999e+00
   8.2374906999999997e-01   1.0887509000000000e+00
   8.2035690999999999e-01   1.0953569000000001e+00
   8.2374906999999997e-01   1.0887509000000000e+00
   2.8749998999999998e-01   1.2125469000000000e+00
   2.8766818999999999e-01   1.2126682000000000e+00
   2.9471287000000002e-01   1.2177871000000000e+00
   2.8766818999999999e-01   1.2126682000000000e+00
   3.0000000999999998e-01   1.2214586000000001e+00
   2.9471287000000002e-01   1.2177871000000000e+00
   2.8743574999999999e-01   1.2124999999999999e+00
   2.8747294000000001e-01   1.2125269999999999e+00
   2.8749998999999998e-01   1.2125469000000000e+00
   2.8747294000000001e-01   1.2125269999999999e+00
   2.8743574999999999e-01   1.2124999999999999e+00
   2.8027137000000002e-01   1.2072286000000001e+00
   2.7500001000000002e-01   1.2030696999999999e+00
   2.8027137000000002e-01   1.2072286000000001e+00
   4.8750000999999998e-01   1.2843430000000000e+00
   4.8416195000000001e-01   1.2841619000000000e+00
   4.7863267999999998e-01   1.2838673000000000e+00
   4.8416195000000001e-01   1.2841619000000000e+00
   4.7499998999999998e-01   1.2836699000000000e+00
   4.7863267999999998e-01   1.2838673000000000e+00
   5.0000000000000000e-01   1.2845651000000000e+00
   4.9701113000000002e-01   1.2845111000000000e+00
   4.9060092000000000e-01   1.2843990999999999e+00
   4.9701113000000002e-01   1.2845111000000000e+00
   4.8750000999999998e-01   1.2843430000000000e+00
   4.9060092000000000e-01   1.2843990999999999e+00
   4.2500000999999998e-01   1.2761119999999999e+00
   4.2410456000000002e-01   1.2758955000000001e+00
   4.2041571999999999e-01   1.2749999999999999e+00
   4.2410456000000002e-01   1.2758955000000001e+00
   6.9452528999999996e-01   1.2250000000000001e+00
   6.9787029000000000e-01   1.2228703000000001e+00
   6.9999999000000002e-01   1.2214583000000001e+00
   6.9787029000000000e-01   1.2228703000000001e+00
   3.1360206000000002e-01   9.2389794999999997e-01
   3.2277464000000000e-01   9.2277465999999997e-01
   3.1250000000000000e-01   9.2403195000000005e-01
   3.1360206000000002e-01   9.2389794999999997e-01
   3.2499999000000002e-01   9.2250462000000000e-01
   3.2277464000000000e-01   9.2277465999999997e-01
   3.1250000000000000e-01   9.2403195000000005e-01
   3.1165018999999999e-01   9.2415020000000003e-01
   3.0559388999999998e-01   9.2500000999999998e-01
   3.1165018999999999e-01   9.2415020000000003e-01
   3.8749999000000002e-01   9.1745268999999996e-01
   3.9221991000000000e-01   9.1721993000000002e-01
   3.9543508999999999e-01   9.1706491999999995e-01
   3.9221991000000000e-01   9.1721993000000002e-01
   4.0000001000000002e-01   9.1684029000000000e-01
   3.9543508999999999e-01   9.1706491999999995e-01
   3.7500000000000000e-01   9.1818907000000005e-01
   3.8037331000000002e-01   9.1787333000000004e-01
   3.8223765999999998e-01   9.1776234999999995e-01
   3.8037331000000002e-01   9.1787333000000004e-01
   3.8749999000000002e-01   9.1745268999999996e-01
   3.8223765999999998e-01   9.1776234999999995e-01
   5.1249999000000002e-01   9.1477430000000004e-01
   5.1479207000000005e-01   9.1479210000000000e-01
   5.2264451000000001e-01   9.1485548999999999e-01
   5.1479207000000005e-01   9.1479210000000000e-01
   5.2499998000000003e-01   9.1487377000000003e-01
   5.2264451000000001e-01   9.1485548999999999e-01
   5.0000000000000000e-01   9.1475450999999997e-01
   5.0225852999999998e-01   9.1475854999999995e-01
   5.1022977000000003e-01   9.1477023999999996e-01
   5.0225852999999998e-01   9.1475854999999995e-01
   5.1249999000000002e-01   9.1477430000000004e-01
   5.1022977000000003e-01   9.1477023999999996e-01
   5.8749998000000003e-01   9.1630363000000004e-01
   5.9147315000000000e-01   9.1647318000000000e-01
   5.9583814999999996e-01   9.1666188000000004e-01
   5.9147315000000000e-01   9.1647318000000000e-01
   6.0000001999999997e-01   9.1683926999999998e-01
   5.9583814999999996e-01   9.1666188000000004e-01
   5.7499999000000002e-01   9.1587909999999995e-01
   5.7849881000000003e-01   9.1599883999999998e-01
   5.8382239999999996e-01   9.1617760000000004e-01
   5.7849881000000003e-01   9.1599883999999998e-01
   5.8749998000000003e-01   9.1630363000000004e-01
   5.8382239999999996e-01   9.1617760000000004e-01
   4.1249998999999998e-01   9.1630420999999995e-01
   4.1617799999999999e-01   9.1617802000000004e-01
   4.2150093999999999e-01   9.1599907999999997e-01
   4.1617799999999999e-01   9.1617802000000004e-01
   4.2500000999999998e-01   9.1587920000000000e-01
   4.2150093999999999e-01   9.1599907999999997e-01
   4.0000001000000002e-01   9.1684029000000000e-01
   4.0416268999999999e-01   9.1666270999999999e-01
   4.0852608000000001e-01   9.1647392999999999e-01
   4.0416268999999999e-01   9.1666270999999999e-01
   4.1249998999999998e-01   9.1630420999999995e-01
   4.0852608000000001e-01   9.1647392999999999e-01
   4.8750000999999998e-01   9.1477414000000001e-01
   4.8977009999999999e-01   9.1477010999999997e-01
   4.9774150000000000e-01   9.1475852000000002e-01
   4.8977009999999999e-01   9.1477010999999997e-01
   5.0000000000000000e-01   9.1475450999999997e-01
   4.9774150000000000e-01   9.1475852000000002e-01
   4.7499998999999998e-01   9.1487348000000002e-01
   4.7735520999999997e-01   9.1485523000000002e-01
   4.8520811000000003e-01   9.1479191999999998e-01
   4.7735520999999997e-01   9.1485523000000002e-01
   4.8750000999999998e-01   9.1477414000000001e-01
   4.8520811000000003e-01   9.1479191999999998e-01
   6.1250000999999998e-01   9.1745098999999997e-01
   6.1776027000000000e-01   9.1776027999999998e-01
   6.1962859000000003e-01   9.1787143000000004e-01
   6.1776027000000000e-01   9.1776027999999998e-01
   6.2500000000000000e-01   9.1818679999999997e-01
   6.1962859000000003e-01   9.1787143000000004e-01
   6.0000001999999997e-01   9.1683926999999998e-01
   6.0456359999999998e-01   9.1706359999999998e-01
   6.0778147999999999e-01   9.1721854999999997e-01
   6.0456359999999998e-01   9.1706359999999998e-01
   6.1250000999999998e-01   9.1745098999999997e-01
   6.0778147999999999e-01   9.1721854999999997e-01
   6.9444435000000004e-01   9.2500000999999998e-01
   6.8835424999999995e-01   9.2414576000000004e-01
   6.8750000000000000e-01   9.2402689999999998e-01
   6.8835424999999995e-01   9.2414576000000004e-01
   6.7500000999999998e-01   9.2249990999999998e-01
   6.7722963999999997e-01   9.2277038000000000e-01
   6.8750000000000000e-01   9.2402689999999998e-01
   6.8639223999999999e-01   9.2389224999999997e-01
   6.7722963999999997e-01   9.2277038000000000e-01
   6.8639223999999999e-01   9.2389224999999997e-01
   1.7624941999999999e-01   1.0887494000000000e+00
   1.7964240000000001e-01   1.0953576000000000e+00
   1.7559306000000000e-01   1.0874999999999999e+00
   1.7624941999999999e-01   1.0887494000000000e+00
   1.8220647000000001e-01   1.1000000000000001e+00
   1.7964240000000001e-01   1.0953576000000000e+00
   1.7559306000000000e-01   1.0874999999999999e+00
   1.7539371000000001e-01   1.0871063000000001e+00
   1.7499999999999999e-01   1.0863434000000001e+00
   1.7539371000000001e-01   1.0871063000000001e+00
   1.9899094000000001e-01   1.1250000000000000e+00
   1.9638980000000000e-01   1.1213898000000000e+00
   1.9010379999999999e-01   1.1125000000000000e+00
   1.9417086000000000e-01   1.1183291000000000e+00
   1.9638980000000000e-01   1.1213898000000000e+00
   1.9417086000000000e-01   1.1183291000000000e+00
   1.8220647000000001e-01   1.1000000000000001e+00
   1.8421570000000001e-01   1.1032843000000001e+00
   1.8750000000000000e-01   1.1084763000000000e+00
   1.8421570000000001e-01   1.1032843000000001e+00
   8.1250000000000000e-01   1.1084742999999999e+00
   8.1578348999999994e-01   1.1032835000000001e+00
   8.1779226999999999e-01   1.1000000000000001e+00
   8.1578348999999994e-01   1.1032835000000001e+00
   8.0582836000000002e-01   1.1183284000000000e+00
   8.0360529999999997e-01   1.1213947000000000e+00
   8.0989493000000001e-01   1.1125000000000000e+00
   8.0582836000000002e-01   1.1183284000000000e+00
   8.0100769000000005e-01   1.1250000000000000e+00
   8.0360529999999997e-01   1.1213947000000000e+00
   3.0000000999999998e-01   1.2214586000000001e+00
   3.0212953999999997e-01   1.2228705000000000e+00
   3.0547427999999999e-01   1.2250000000000001e+00
   3.0212953999999997e-01   1.2228705000000000e+00
   5.7958394999999996e-01   1.2749999999999999e+00
   5.7589537999999996e-01   1.2758954000000000e+00
   5.7499999000000002e-01   1.2761119000000001e+00
   5.7589537999999996e-01   1.2758954000000000e+00
   5.1249999000000002e-01   1.2843430000000000e+00
   5.0939906999999995e-01   1.2843990999999999e+00
   5.0298887999999997e-01   1.2845111000000000e+00
   5.0939906999999995e-01   1.2843990999999999e+00
   5.0000000000000000e-01   1.2845651000000000e+00
   5.0298887999999997e-01   1.2845111000000000e+00
   5.2499998000000003e-01   1.2836699000000000e+00
   5.2136727999999999e-01   1.2838673000000000e+00
   5.1583805999999999e-01   1.2841619000000000e+00
   5.2136727999999999e-01   1.2838673000000000e+00
   5.1249999000000002e-01   1.2843430000000000e+00
   5.1583805999999999e-01   1.2841619000000000e+00
   7.2500001999999997e-01   1.2030692999999999e+00
   7.1972840000000005e-01   1.2072284000000000e+00
   7.1256375000000005e-01   1.2124999999999999e+00
   7.1972840000000005e-01   1.2072284000000000e+00
   7.1249998000000003e-01   1.2125465000000000e+00
   7.1252683000000006e-01   1.2125269000000001e+00
   7.1256375000000005e-01   1.2124999999999999e+00
   7.1252683000000006e-01   1.2125269000000001e+00
   6.9999999000000002e-01   1.2214583000000001e+00
   7.0528694000000003e-01   1.2177870000000000e+00
   7.1233299999999999e-01   1.2126669999999999e+00
   7.0528694000000003e-01   1.2177870000000000e+00
   7.1249998000000003e-01   1.2125465000000000e+00
   7.1233299999999999e-01   1.2126669999999999e+00
   8.4235135999999999e-01   1.0249999999999999e+00
   8.4197522000000002e-01   1.0205248000000000e+00
   8.4159128000000005e-01   1.0165913000000000e+00
   8.4197522000000002e-01   1.0205248000000000e+00
   8.4123870000000001e-01   1.0125000000000000e+00
   8.4159128000000005e-01   1.0165913000000000e+00
   8.4166881999999998e-01   1.0375000000000001e+00
   8.4190520999999996e-01   1.0330948000000000e+00
   8.4210624999999995e-01   1.0296063000000000e+00
   8.4190520999999996e-01   1.0330948000000000e+00
   8.4235135999999999e-01   1.0249999999999999e+00
   8.4210624999999995e-01   1.0296063000000000e+00
   1.7499999999999999e-01   9.7786532999999998e-01
   1.7091133999999999e-01   9.8341135999999996e-01
   1.6795900000000000e-01   9.8750000999999998e-01
   1.7091133999999999e-01   9.8341135999999996e-01
   1.6249999000000001e-01   9.9920326000000004e-01
   1.6581731000000000e-01   9.9081732000000000e-01
   1.6795900000000000e-01   9.8750000999999998e-01
   1.6581731000000000e-01   9.9081732000000000e-01
   1.8750000000000000e-01   9.6571885000000002e-01
   1.8927785000000000e-01   9.6427784000000005e-01
   1.9172085000000000e-01   9.6249998000000003e-01
   1.8927785000000000e-01   9.6427784000000005e-01
   1.8750000000000000e-01   9.6571885000000002e-01
   1.8249541000000000e-01   9.6999541000000000e-01
   1.7728915000000001e-01   9.7500001999999997e-01
   1.8249541000000000e-01   9.6999541000000000e-01
   2.1250000999999999e-01   9.5013586000000005e-01
   2.1259373000000001e-01   9.5009370999999998e-01
   2.1280441000000000e-01   9.4999999000000002e-01
   2.1259373000000001e-01   9.5009370999999998e-01
   7.8720623999999995e-01   9.4999999000000002e-01
   7.8740951999999997e-01   9.5009049000000001e-01
   7.8750001999999997e-01   9.5013117999999996e-01
   7.8740951999999997e-01   9.5009049000000001e-01
   8.2272610999999995e-01   9.7500001999999997e-01
   8.1751041999999996e-01   9.6998958000000002e-01
   8.1250000000000000e-01   9.6571165000000003e-01
   8.1751041999999996e-01   9.6998958000000002e-01
   8.0828822000000000e-01   9.6249998000000003e-01
   8.1072555000000002e-01   9.6427443999999995e-01
   8.1250000000000000e-01   9.6571165000000003e-01
   8.1072555000000002e-01   9.6427443999999995e-01
   8.3204796000000003e-01   9.8750000999999998e-01
   8.3418778999999998e-01   9.9081220000000003e-01
   8.3749998000000003e-01   9.9918099999999999e-01
   8.3418778999999998e-01   9.9081220000000003e-01
   8.3204796000000003e-01   9.8750000999999998e-01
   8.2909378000000000e-01   9.8340622000000000e-01
   8.2499999000000002e-01   9.7784861999999995e-01
   8.2909378000000000e-01   9.8340622000000000e-01
   1.5765238000000001e-01   1.0249999999999999e+00
   1.5789692999999999e-01   1.0296031000000001e+00
   1.5809804000000000e-01   1.0330980000000001e+00
   1.5789692999999999e-01   1.0296031000000001e+00
   1.5833386999999999e-01   1.0375000000000001e+00
   1.5809804000000000e-01   1.0330980000000001e+00
   1.5876630000000000e-01   1.0125000000000000e+00
   1.5841375999999999e-01   1.0165862000000001e+00
   1.5802863000000000e-01   1.0205286000000000e+00
   1.5841375999999999e-01   1.0165862000000001e+00
   1.5765238000000001e-01   1.0249999999999999e+00
   1.5802863000000000e-01   1.0205286000000000e+00
   2.2499999000000001e-01   1.1566571999999999e+00
   2.2183601000000000e-01   1.1531640000000001e+00
   2.1902858000000000e-01   1.1499999999999999e+00
   2.2183601000000000e-01   1.1531640000000001e+00
   2.4288383000000000e-01   1.1750000000000000e+00
   2.4013551999999999e-01   1.1723645000000000e+00
   2.3749999999999999e-01   1.1697166999999999e+00
   2.4013551999999999e-01   1.1723645000000000e+00
   2.3046501000000000e-01   1.1625000000000001e+00
   2.3391977000000000e-01   1.1660801999999999e+00
   2.3749999999999999e-01   1.1697166999999999e+00
   2.3391977000000000e-01   1.1660801999999999e+00
   2.3046501000000000e-01   1.1625000000000001e+00
   2.2780036000000001e-01   1.1596995999999999e+00
   2.2499999000000001e-01   1.1566571999999999e+00
   2.2780036000000001e-01   1.1596995999999999e+00
   2.5000000000000000e-01   1.1817409000000001e+00
   2.4652257999999999e-01   1.1784774000000000e+00
   2.4288383000000000e-01   1.1750000000000000e+00
   2.4652257999999999e-01   1.1784774000000000e+00
   7.5711530000000005e-01   1.1750000000000000e+00
   7.5347702000000005e-01   1.1784770000000000e+00
   7.5000000000000000e-01   1.1817401000000001e+00
   7.5347702000000005e-01   1.1784770000000000e+00
   7.7499998000000003e-01   1.1566559999999999e+00
   7.7219906000000005e-01   1.1596991000000001e+00
   7.6953393999999997e-01   1.1625000000000001e+00
   7.7219906000000005e-01   1.1596991000000001e+00
   7.6249999000000002e-01   1.1697157000000000e+00
   7.6607970999999997e-01   1.1660797000000001e+00
   7.6953393999999997e-01   1.1625000000000001e+00
   7.6607970999999997e-01   1.1660797000000001e+00
   7.6249999000000002e-01   1.1697157000000000e+00
   7.5986403000000002e-01   1.1723640000000000e+00
   7.5711530000000005e-01   1.1750000000000000e+00
   7.5986403000000002e-01   1.1723640000000000e+00
   7.8097022000000005e-01   1.1499999999999999e+00
   7.7816335999999997e-01   1.1531633999999999e+00
   7.7499998000000003e-01   1.1566559999999999e+00
   7.7816335999999997e-01   1.1531633999999999e+00
   8.3551213999999996e-01   1.0625000000000000e+00
   8.3428152000000000e-01   1.0657185000000000e+00
   8.3263127000000003e-01   1.0701312999999999e+00
   8.3428152000000000e-01   1.0657185000000000e+00
   8.3071834000000000e-01   1.0750000000000000e+00
   8.3263127000000003e-01   1.0701312999999999e+00
   8.3749998000000003e-01   1.0554117999999999e+00
   8.3597520000000003e-01   1.0609751999999999e+00
   8.3551213999999996e-01   1.0625000000000000e+00
   8.3597520000000003e-01   1.0609751999999999e+00
   8.3071834000000000e-01   1.0750000000000000e+00
   8.2888028000000002e-01   1.0788803000000000e+00
   8.2499999000000002e-01   1.0863422000000000e+00
   8.2888028000000002e-01   1.0788803000000000e+00
   2.7500001000000002e-01   1.2030696999999999e+00
   2.7330437000000002e-01   1.2016956000000001e+00
   2.7117590000000003e-01   1.2000000000000000e+00
   2.7330437000000002e-01   1.2016956000000001e+00
   4.6250001000000002e-01   1.2825210000000000e+00
   4.5678508000000001e-01   1.2817851000000000e+00
   4.5583462000000002e-01   1.2816654000000001e+00
   4.5678508000000001e-01   1.2817851000000000e+00
   4.4999999000000002e-01   1.2809092000000000e+00
   4.5583462000000002e-01   1.2816654000000001e+00
   4.7499998999999998e-01   1.2836699000000000e+00
   4.7078112999999999e-01   1.2832811000000000e+00
   4.6705799999999997e-01   1.2829420000000000e+00
   4.7078112999999999e-01   1.2832811000000000e+00
   4.6250001000000002e-01   1.2825210000000000e+00
   4.6705799999999997e-01   1.2829420000000000e+00
   4.2041571999999999e-01   1.2749999999999999e+00
   4.1402327000000000e-01   1.2734767000000000e+00
   4.1249998999999998e-01   1.2731018000000001e+00
   4.1402327000000000e-01   1.2734767000000000e+00
   4.0000001000000002e-01   1.2696088999999999e+00
   4.0419344000000001e-01   1.2708066000000000e+00
   4.1249998999999998e-01   1.2731018000000001e+00
   4.0986133000000002e-01   1.2723613000000000e+00
   4.0419344000000001e-01   1.2708066000000000e+00
   4.0986133000000002e-01   1.2723613000000000e+00
   4.3435337000000002e-01   1.2781465999999999e+00
   4.2640732999999997e-01   1.2764073000000000e+00
   4.3750000000000000e-01   1.2787921000000000e+00
   4.3435337000000002e-01   1.2781465999999999e+00
   4.2500000999999998e-01   1.2761119999999999e+00
   4.2640732999999997e-01   1.2764073000000000e+00
   4.4999999000000002e-01   1.2809092000000000e+00
   4.4494412000000000e-01   1.2800559000000000e+00
   4.3750000000000000e-01   1.2787921000000000e+00
   4.4206482000000002e-01   1.2795647999999999e+00
   4.4494412000000000e-01   1.2800559000000000e+00
   4.4206482000000002e-01   1.2795647999999999e+00
   6.8750000000000000e-01   1.2294885000000000e+00
   6.8252833999999996e-01   1.2325283000000000e+00
   6.7642674999999997e-01   1.2360732999999999e+00
   6.8252833999999996e-01   1.2325283000000000e+00
   6.7500000999999998e-01   1.2369133000000001e+00
   6.7642674999999997e-01   1.2360732999999999e+00
   6.8750000000000000e-01   1.2294885000000000e+00
   6.9024558000000003e-01   1.2277456000000000e+00
   6.9452528999999996e-01   1.2250000000000001e+00
   6.9024558000000003e-01   1.2277456000000000e+00
   6.7500000999999998e-01   1.2369133000000001e+00
   6.7462551999999998e-01   1.2371255000000001e+00
   6.7394814000000003e-01   1.2375000000000000e+00
   6.7462551999999998e-01   1.2371255000000001e+00
   6.6250001999999997e-01   1.2438448000000000e+00
   6.6661519000000002e-01   1.2416152000000000e+00
   6.7394814000000003e-01   1.2375000000000000e+00
   6.6661519000000002e-01   1.2416152000000000e+00
   6.2500000000000000e-01   1.2608564000000000e+00
   6.2380546999999997e-01   1.2613055000000000e+00
   6.2051845000000005e-01   1.2625000000000000e+00
   6.2380546999999997e-01   1.2613055000000000e+00
   6.1250000999999998e-01   1.2654524000000000e+00
   6.1465917999999997e-01   1.2646592000000001e+00
   6.2051845000000005e-01   1.2625000000000000e+00
   6.1465917999999997e-01   1.2646592000000001e+00
   6.0000001999999997e-01   1.2696088000000001e+00
   6.0536316999999995e-01   1.2678632000000001e+00
   6.0806433999999998e-01   1.2669357000000001e+00
   6.0536316999999995e-01   1.2678632000000001e+00
   6.1250000999999998e-01   1.2654524000000000e+00
   6.0806433999999998e-01   1.2669357000000001e+00
   6.3749999000000002e-01   1.2558222999999999e+00
   6.3277417000000002e-01   1.2577742000000001e+00
   6.2774750999999995e-01   1.2597525000000001e+00
   6.3277417000000002e-01   1.2577742000000001e+00
   6.2500000000000000e-01   1.2608564000000000e+00
   6.2774750999999995e-01   1.2597525000000001e+00
   3.4170694000000001e-01   9.2079306999999999e-01
   3.4544615000000001e-01   9.2044616000000001e-01
   3.3750001000000002e-01   9.2117746000000000e-01
   3.4170694000000001e-01   9.2079306999999999e-01
   3.4999998999999998e-01   9.2003137000000001e-01
   3.4544615000000001e-01   9.2044616000000001e-01
   3.2499999000000002e-01   9.2250462000000000e-01
   3.2779180000000002e-01   9.2220820999999997e-01
   3.3750001000000002e-01   9.2117746000000000e-01
   3.3404434000000000e-01   9.2154433999999996e-01
   3.2779180000000002e-01   9.2220820999999997e-01
   3.3404434000000000e-01   9.2154433999999996e-01
   3.0559388999999998e-01   9.2500000999999998e-01
   3.0068984999999998e-01   9.2568985000000004e-01
   3.0000000999999998e-01   9.2578863000000000e-01
   3.0068984999999998e-01   9.2568985000000004e-01
   3.6250000999999998e-01   9.1904028999999998e-01
   3.6862252000000001e-01   9.1862253000000005e-01
   3.6889569000000000e-01   9.1860432999999997e-01
   3.6862252000000001e-01   9.1862253000000005e-01
   3.7500000000000000e-01   9.1818907000000005e-01
   3.6889569000000000e-01   9.1860432999999997e-01
   3.4999998999999998e-01   9.2003137000000001e-01
   3.5539670000000001e-01   9.1960330999999995e-01
   3.6250000999999998e-01   9.1904028999999998e-01
   3.5697883000000002e-01   9.1947884000000002e-01
   3.5539670000000001e-01   9.1960330999999995e-01
   3.5697883000000002e-01   9.1947884000000002e-01
   2.2499999000000001e-01   9.4458920999999996e-01
   2.3016444000000000e-01   9.4266444000000005e-01
   2.3353491000000001e-01   9.4146507999999995e-01
   2.3016444000000000e-01   9.4266444000000005e-01
   2.3749999999999999e-01   9.4002315000000003e-01
   2.3353491000000001e-01   9.4146507999999995e-01
   2.5000000000000000e-01   9.3620365000000005e-01
   2.4899932000000000e-01   9.3649932000000002e-01
   2.4570571999999999e-01   9.3750000000000000e-01
   2.4899932000000000e-01   9.3649932000000002e-01
   2.1280441000000000e-01   9.4999999000000002e-01
   2.2120644000000000e-01   9.4620643999999998e-01
   2.2499999000000001e-01   9.4458920999999996e-01
   2.2120644000000000e-01   9.4620643999999998e-01
   2.8397376000000002e-01   9.2852625000000000e-01
   2.7938467000000000e-01   9.2938467000000002e-01
   2.8749998999999998e-01   9.2785572000000005e-01
   2.8397376000000002e-01   9.2852625000000000e-01
   2.7500001000000002e-01   9.3022481999999995e-01
   2.7938467000000000e-01   9.2938467000000002e-01
   3.0000000999999998e-01   9.2578863000000000e-01
   2.9905466000000003e-01   9.2594536000000005e-01
   2.8749998999999998e-01   9.2785572000000005e-01
   2.8994903999999999e-01   9.2744905000000000e-01
   2.9905466000000003e-01   9.2594536000000005e-01
   2.8994903999999999e-01   9.2744905000000000e-01
   2.6249999000000002e-01   9.3299178000000005e-01
   2.5890212000000001e-01   9.3390213000000000e-01
   2.5174137000000002e-01   9.3575863000000004e-01
   2.5890212000000001e-01   9.3390213000000000e-01
   2.5000000000000000e-01   9.3620365000000005e-01
   2.5174137000000002e-01   9.3575863000000004e-01
   2.7500001000000002e-01   9.3022481999999995e-01
   2.6904104000000001e-01   9.3154104000000004e-01
   2.6829194000000001e-01   9.3170807000000000e-01
   2.6904104000000001e-01   9.3154104000000004e-01
   2.6249999000000002e-01   9.3299178000000005e-01
   2.6829194000000001e-01   9.3170807000000000e-01
   5.3750001999999997e-01   9.1501471000000001e-01
   5.4006023000000003e-01   9.1506023000000003e-01
   5.4730851000000003e-01   9.1519152000000004e-01
   5.4006023000000003e-01   9.1506023000000003e-01
   5.5000000999999998e-01   9.1523933999999996e-01
   5.4730851000000003e-01   9.1519152000000004e-01
   5.2499998000000003e-01   9.1487377000000003e-01
   5.2740136000000004e-01   9.1490139000000004e-01
   5.3501394000000002e-01   9.1498608999999997e-01
   5.2740136000000004e-01   9.1490139000000004e-01
   5.3750001999999997e-01   9.1501471000000001e-01
   5.3501394000000002e-01   9.1498608999999997e-01
   5.6250000000000000e-01   9.1551278999999997e-01
   5.6560323999999995e-01   9.1560326000000003e-01
   5.7171656999999998e-01   9.1578344000000000e-01
   5.6560323999999995e-01   9.1560326000000003e-01
   5.7499999000000002e-01   9.1587909999999995e-01
   5.7171656999999998e-01   9.1578344000000000e-01
   5.5000000999999998e-01   9.1523933999999996e-01
   5.5280129000000000e-01   9.1530129999999998e-01
   5.5955248000000002e-01   9.1544753999999995e-01
   5.5280129000000000e-01   9.1530129999999998e-01
   5.6250000000000000e-01   9.1551278999999997e-01
   5.5955248000000002e-01   9.1544753999999995e-01
   4.3750000000000000e-01   9.1551267000000003e-01
   4.4044735000000002e-01   9.1544736999999998e-01
   4.4719899000000002e-01   9.1530102000000002e-01
   4.4044735000000002e-01   9.1544736999999998e-01
   4.4999999000000002e-01   9.1523902000000001e-01
   4.4719899000000002e-01   9.1530102000000002e-01
   4.2500000999999998e-01   9.1587920000000000e-01
   4.2828346000000000e-01   9.1578347000000004e-01
   4.3439683000000001e-01   9.1560319000000001e-01
   4.2828346000000000e-01   9.1578347000000004e-01
   4.3750000000000000e-01   9.1551267000000003e-01
   4.3439683000000001e-01   9.1560319000000001e-01
   4.6250001000000002e-01   9.1501436999999997e-01
   4.6498576000000003e-01   9.1498577000000003e-01
   4.7259891999999998e-01   9.1490108999999997e-01
   4.6498576000000003e-01   9.1498577000000003e-01
   4.7499998999999998e-01   9.1487348000000002e-01
   4.7259891999999998e-01   9.1490108999999997e-01
   4.4999999000000002e-01   9.1523902000000001e-01
   4.5269118000000003e-01   9.1519119999999998e-01
   4.5994013000000000e-01   9.1505988999999999e-01
   4.5269118000000003e-01   9.1519119999999998e-01
   4.6250001000000002e-01   9.1501436999999997e-01
   4.5994013000000000e-01   9.1505988999999999e-01
   7.3750000999999998e-01   9.3298594999999995e-01
   7.3170024000000000e-01   9.3170023000000002e-01
   7.3096399000000001e-01   9.3153602999999996e-01
   7.3170024000000000e-01   9.3170023000000002e-01
   7.2500001999999997e-01   9.3021845999999997e-01
   7.3096399000000001e-01   9.3153602999999996e-01
   7.5000000000000000e-01   9.3619626000000000e-01
   7.4824895000000002e-01   9.3574895000000002e-01
   7.4110273999999998e-01   9.3389727000000000e-01
   7.4824895000000002e-01   9.3574895000000002e-01
   7.3750000999999998e-01   9.3298594999999995e-01
   7.4110273999999998e-01   9.3389727000000000e-01
   7.1005578000000003e-01   9.2744420999999999e-01
   7.0093855999999999e-01   9.2593857999999996e-01
   7.1249998000000003e-01   9.2785008000000002e-01
   7.1005578000000003e-01   9.2744420999999999e-01
   6.9999999000000002e-01   9.2578296999999998e-01
   7.0093855999999999e-01   9.2593857999999996e-01
   7.2500001999999997e-01   9.3021845999999997e-01
   7.2062048000000001e-01   9.2937952999999995e-01
   7.1249998000000003e-01   9.2785008000000002e-01
   7.1601903000000000e-01   9.2851903999999996e-01
   7.2062048000000001e-01   9.2937952999999995e-01
   7.1601903000000000e-01   9.2851903999999996e-01
   7.7499998000000003e-01   9.4458070000000005e-01
   7.7879925999999999e-01   9.4620073000000005e-01
   7.8720623999999995e-01   9.4999999000000002e-01
   7.7879925999999999e-01   9.4620073000000005e-01
   7.5431703000000005e-01   9.3750000000000000e-01
   7.5100639000000002e-01   9.3649360999999998e-01
   7.5000000000000000e-01   9.3619626000000000e-01
   7.5100639000000002e-01   9.3649360999999998e-01
   7.6249999000000002e-01   9.4001738000000001e-01
   7.6645476999999995e-01   9.4145478000000005e-01
   7.6984085999999996e-01   9.4265911999999996e-01
   7.6645476999999995e-01   9.4145478000000005e-01
   7.7499998000000003e-01   9.4458070000000005e-01
   7.6984085999999996e-01   9.4265911999999996e-01
   6.4302417000000001e-01   9.1947582999999999e-01
   6.4459966000000002e-01   9.1959968999999997e-01
   6.3749999000000002e-01   9.1903727999999996e-01
   6.4302417000000001e-01   9.1947582999999999e-01
   6.4999998000000003e-01   9.2002779999999995e-01
   6.4459966000000002e-01   9.1959968999999997e-01
   6.2500000000000000e-01   9.1818679999999997e-01
   6.3110149000000004e-01   9.1860151000000001e-01
   6.3137997000000001e-01   9.1862003999999997e-01
   6.3110149000000004e-01   9.1860151000000001e-01
   6.3749999000000002e-01   9.1903727999999996e-01
   6.3137997000000001e-01   9.1862003999999997e-01
   6.9999999000000002e-01   9.2578296999999998e-01
   6.9931507000000004e-01   9.2568492999999996e-01
   6.9444435000000004e-01   9.2500000999999998e-01
   6.9931507000000004e-01   9.2568492999999996e-01
   6.6595959000000005e-01   9.2154044000000002e-01
   6.7220305000000002e-01   9.2220305000000002e-01
   6.6250001999999997e-01   9.2117324000000000e-01
   6.6595959000000005e-01   9.2154044000000002e-01
   6.7500000999999998e-01   9.2249990999999998e-01
   6.7220305000000002e-01   9.2220305000000002e-01
   6.4999998000000003e-01   9.2002779999999995e-01
   6.5455735000000004e-01   9.2044265999999997e-01
   6.6250001999999997e-01   9.2117324000000000e-01
   6.5828867000000002e-01   9.2078868000000003e-01
   6.5455735000000004e-01   9.2044265999999997e-01
   6.5828867000000002e-01   9.2078868000000003e-01
   1.7499999999999999e-01   1.0863434000000001e+00
   1.7111947000000000e-01   1.0788804999999999e+00
   1.6928144000000001e-01   1.0750000000000000e+00
   1.7111947000000000e-01   1.0788804999999999e+00
   1.6448823000000001e-01   1.0625000000000000e+00
   1.6402522999999999e-01   1.0609748000000001e+00
   1.6249999000000001e-01   1.0554072000000001e+00
   1.6402522999999999e-01   1.0609748000000001e+00
   1.6928144000000001e-01   1.0750000000000000e+00
   1.6736868999999999e-01   1.0701312999999999e+00
   1.6571885000000000e-01   1.0657189000000000e+00
   1.6736868999999999e-01   1.0701312999999999e+00
   1.6448823000000001e-01   1.0625000000000000e+00
   1.6571885000000000e-01   1.0657189000000000e+00
   2.0000000000000001e-01   1.1263543000000000e+00
   1.9942109999999999e-01   1.1255789000000000e+00
   1.9899094000000001e-01   1.1250000000000000e+00
   1.9942109999999999e-01   1.1255789000000000e+00
   2.0854635999999999e-01   1.1375000000000000e+00
   2.0479341000000001e-01   1.1327065999999999e+00
   2.0000000000000001e-01   1.1263543000000000e+00
   2.0479341000000001e-01   1.1327065999999999e+00
   2.1902858000000000e-01   1.1499999999999999e+00
   2.1600689000000001e-01   1.1464931000000000e+00
   2.1250000999999999e-01   1.1423213000000001e+00
   2.1600689000000001e-01   1.1464931000000000e+00
   2.5639588000000002e-01   1.1875000000000000e+00
   2.5299052999999999e-01   1.1845095000000001e+00
   2.5000000000000000e-01   1.1817409000000001e+00
   2.5299052999999999e-01   1.1845095000000001e+00
   2.7117590000000003e-01   1.2000000000000000e+00
   2.6635948999999998e-01   1.1961405000000001e+00
   2.6249999000000002e-01   1.1928508000000000e+00
   2.6635948999999998e-01   1.1961405000000001e+00
   7.3750000999999998e-01   1.1928502000000001e+00
   7.3364024000000005e-01   1.1961402000000001e+00
   7.2882353000000000e-01   1.2000000000000000e+00
   7.3364024000000005e-01   1.1961402000000001e+00
   7.5000000000000000e-01   1.1817401000000001e+00
   7.4700911000000003e-01   1.1845091000000001e+00
   7.4360340000000003e-01   1.1875000000000000e+00
   7.4700911000000003e-01   1.1845091000000001e+00
   7.8750001999999997e-01   1.1423197000000000e+00
   7.8399244999999995e-01   1.1464924000000001e+00
   7.8097022000000005e-01   1.1499999999999999e+00
   7.8399244999999995e-01   1.1464924000000001e+00
   8.0000000999999998e-01   1.1263525000000001e+00
   7.9520583000000000e-01   1.1327058000000001e+00
   7.9145230000000000e-01   1.1375000000000000e+00
   7.9520583000000000e-01   1.1327058000000001e+00
   8.0100769000000005e-01   1.1250000000000000e+00
   8.0057811000000001e-01   1.1255781000000000e+00
   8.0000000999999998e-01   1.1263525000000001e+00
   8.0057811000000001e-01   1.1255781000000000e+00
   3.7500000000000000e-01   1.2608565000000000e+00
   3.7225268000000000e-01   1.2597526999999999e+00
   3.6722574000000002e-01   1.2577742999999999e+00
   3.7225268000000000e-01   1.2597526999999999e+00
   3.6250000999999998e-01   1.2558225000000001e+00
   3.6722574000000002e-01   1.2577742999999999e+00
   3.8749999000000002e-01   1.2654525000000001e+00
   3.9193581999999999e-01   1.2669357999999999e+00
   3.9463678000000002e-01   1.2678632000000001e+00
   3.9193581999999999e-01   1.2669357999999999e+00
   4.0000001000000002e-01   1.2696088999999999e+00
   3.9463678000000002e-01   1.2678632000000001e+00
   3.7948124999999999e-01   1.2625000000000000e+00
   3.8534074000000001e-01   1.2646592000000001e+00
   3.8749999000000002e-01   1.2654525000000001e+00
   3.8534074000000001e-01   1.2646592000000001e+00
   3.7948124999999999e-01   1.2625000000000000e+00
   3.7619445000000001e-01   1.2613055000000000e+00
   3.7500000000000000e-01   1.2608565000000000e+00
   3.7619445000000001e-01   1.2613055000000000e+00
   3.2605150999999999e-01   1.2375000000000000e+00
   3.3338469999999998e-01   1.2416153000000001e+00
   3.3750001000000002e-01   1.2438450000000001e+00
   3.3338469999999998e-01   1.2416153000000001e+00
   3.2605150999999999e-01   1.2375000000000000e+00
   3.2537434999999998e-01   1.2371255999999999e+00
   3.2499999000000002e-01   1.2369135000000000e+00
   3.2537434999999998e-01   1.2371255999999999e+00
   3.0547427999999999e-01   1.2250000000000001e+00
   3.0975426000000000e-01   1.2277457000000001e+00
   3.1250000000000000e-01   1.2294887000000001e+00
   3.0975426000000000e-01   1.2277457000000001e+00
   3.2499999000000002e-01   1.2369135000000000e+00
   3.2357375999999999e-01   1.2360738000000000e+00
   3.1747152000000001e-01   1.2325284999999999e+00
   3.2357375999999999e-01   1.2360738000000000e+00
   3.1250000000000000e-01   1.2294887000000001e+00
   3.1747152000000001e-01   1.2325284999999999e+00
   5.5793524999999999e-01   1.2795647999999999e+00
   5.5505583999999997e-01   1.2800558000000000e+00
   5.6250000000000000e-01   1.2787919999999999e+00
   5.5793524999999999e-01   1.2795647999999999e+00
   5.5000000999999998e-01   1.2809090999999999e+00
   5.5505583999999997e-01   1.2800558000000000e+00
   5.7499999000000002e-01   1.2761119000000001e+00
   5.7359276999999997e-01   1.2764072000000000e+00
   5.6250000000000000e-01   1.2787919999999999e+00
   5.6564656999999996e-01   1.2781465999999999e+00
   5.7359276999999997e-01   1.2764072000000000e+00
   5.6564656999999996e-01   1.2781465999999999e+00
   5.9013875999999998e-01   1.2723612000000000e+00
   5.9580650000000002e-01   1.2708065000000000e+00
   5.8749998000000003e-01   1.2731017000000000e+00
   5.9013875999999998e-01   1.2723612000000000e+00
   6.0000001999999997e-01   1.2696088000000001e+00
   5.9580650000000002e-01   1.2708065000000000e+00
   5.8749998000000003e-01   1.2731017000000000e+00
   5.8597664000000005e-01   1.2734767000000000e+00
   5.7958394999999996e-01   1.2749999999999999e+00
   5.8597664000000005e-01   1.2734767000000000e+00
   5.3750001999999997e-01   1.2825210000000000e+00
   5.3294198000000004e-01   1.2829420000000000e+00
   5.2921889000000000e-01   1.2832811000000000e+00
   5.3294198000000004e-01   1.2829420000000000e+00
   5.2499998000000003e-01   1.2836699000000000e+00
   5.2921889000000000e-01   1.2832811000000000e+00
   5.5000000999999998e-01   1.2809090999999999e+00
   5.4416534999999999e-01   1.2816653000000000e+00
   5.4321498000000001e-01   1.2817850000000000e+00
   5.4416534999999999e-01   1.2816653000000000e+00
   5.3750001999999997e-01   1.2825210000000000e+00
   5.4321498000000001e-01   1.2817850000000000e+00
   7.2882353000000000e-01   1.2000000000000000e+00
   7.2669539999999999e-01   1.2016954000000000e+00
   7.2500001999999997e-01   1.2030692999999999e+00
   7.2669539999999999e-01   1.2016954000000000e+00
