   5.0000000000000000e-01   9.1547042999999995e-01
   5.0949102000000002e-01   9.1550898000000003e-01
   5.0949102000000002e-01   9.1550898000000003e-01
   5.1249999999999996e-01   9.1552036999999997e-01
   5.2189750999999995e-01   9.1560249000000005e-01
   5.2500000000000002e-01   9.1563015000000003e-01
   5.2189750999999995e-01   9.1560249000000005e-01
   5.1249999999999996e-01   9.1552036999999997e-01
   5.0322568000000001e-01   1.2842743000000001e+00
   5.0000000000000000e-01   1.2843259000000000e+00
   5.1609559000000005e-01   1.2839043999999999e+00
   5.1249999999999996e-01   1.2841171000000000e+00
   5.0322568000000001e-01   1.2842743000000001e+00
   5.1249999999999996e-01   1.2841171000000000e+00
   5.2500000000000002e-01   1.2834068999999999e+00
   5.1609559000000005e-01   1.2839043999999999e+00
   5.2500000000000002e-01   9.1563015000000003e-01
   5.3423993000000003e-01   9.1576007000000004e-01
   5.3423993000000003e-01   9.1576007000000004e-01
   5.3749999999999998e-01   9.1580607999999997e-01
   5.4652369000000001e-01   9.1597631000000002e-01
   5.5000000000000004e-01   9.1604233000000002e-01
   5.4652369000000001e-01   9.1597631000000002e-01
   5.3749999999999998e-01   9.1580607999999997e-01
   5.2951144999999999e-01   1.2829885999999999e+00
   5.2500000000000002e-01   1.2834068999999999e+00
   5.4350319000000002e-01   1.2814968000000000e+00
   5.3749999999999998e-01   1.2822701000000001e+00
   5.2951144999999999e-01   1.2829885999999999e+00
   5.3749999999999998e-01   1.2822701000000001e+00
   5.5000000000000004e-01   1.2806824999999999e+00
   5.4350319000000002e-01   1.2814968000000000e+00
   5.5000000000000004e-01   9.1604233000000002e-01
   5.5874458000000005e-01   9.1625542000000004e-01
   5.5874458000000005e-01   9.1625542000000004e-01
   5.6250000000000000e-01   9.1634711999999996e-01
   5.7088886999999999e-01   9.1661113000000005e-01
   5.7499999999999996e-01   9.1674197000000002e-01
   5.7088886999999999e-01   9.1661113000000005e-01
   5.6250000000000000e-01   9.1634711999999996e-01
   5.5815566999999999e-01   1.2793443000000000e+00
   5.5000000000000004e-01   1.2806824999999999e+00
   5.7356216999999998e-01   1.2764378000000001e+00
   5.6250000000000000e-01   1.2786534000000001e+00
   5.5815566999999999e-01   1.2793443000000000e+00
   5.6250000000000000e-01   1.2786534000000001e+00
   5.7499999999999996e-01   1.2761574000000000e+00
   5.7356216999999998e-01   1.2764378000000001e+00
   5.7499999999999996e-01   9.1674197000000002e-01
   5.8295768999999997e-01   9.1704231000000003e-01
   5.8295768999999997e-01   9.1704231000000003e-01
   5.8750000000000002e-01   9.1721428000000005e-01
   5.9495582000000002e-01   9.1754418000000004e-01
   5.9999999999999998e-01   9.1776959999999996e-01
   5.9495582000000002e-01   9.1754418000000004e-01
   5.8750000000000002e-01   9.1721428000000005e-01
   5.8750000000000002e-01   1.2732081000000000e+00
   5.7993532000000003e-01   1.2749999999999999e+00
   5.8999599999999996e-01   1.2725040000000001e+00
   5.9999999999999998e-01   1.2697506999999999e+00
   5.8999599999999996e-01   1.2725040000000001e+00
   5.8750000000000002e-01   1.2732081000000000e+00
   5.7993532000000003e-01   1.2749999999999999e+00
   5.7499999999999996e-01   1.2761574000000000e+00
   5.9999999999999998e-01   9.1776959999999996e-01
   6.0687279999999999e-01   9.1812720000000003e-01
   6.0687279999999999e-01   9.1812720000000003e-01
   6.1250000000000004e-01   9.1842182999999999e-01
   6.1870495999999997e-01   9.1879504000000001e-01
   6.2500000000000000e-01   9.1917795000000002e-01
   6.1870495999999997e-01   9.1879504000000001e-01
   6.1250000000000004e-01   9.1842182999999999e-01
   5.9999999999999998e-01   1.2697506999999999e+00
   6.0771591999999997e-01   1.2672840999999999e+00
   6.0771591999999997e-01   1.2672840999999999e+00
   6.1250000000000004e-01   1.2657923000000000e+00
   6.2500000000000000e-01   1.2612509000000001e+00
   6.2160464999999998e-01   1.2625000000000000e+00
   6.2160464999999998e-01   1.2625000000000000e+00
   6.1250000000000004e-01   1.2657923000000000e+00
   6.2500000000000000e-01   9.1917795000000002e-01
   6.3043998000000001e-01   9.1956002000000003e-01
   6.3043998000000001e-01   9.1956002000000003e-01
   6.3749999999999996e-01   9.2006182999999997e-01
   6.4206304000000003e-01   9.2043695999999997e-01
   6.5000000000000002e-01   9.2110002999999996e-01
   6.4206304000000003e-01   9.2043695999999997e-01
   6.3749999999999996e-01   9.2006182999999997e-01
   6.2712683999999996e-01   1.2603732000000001e+00
   6.2500000000000000e-01   1.2612509000000001e+00
   6.4897331999999996e-01   1.2510266999999999e+00
   6.3749999999999996e-01   1.2561703000000000e+00
   6.2712683999999996e-01   1.2603732000000001e+00
   6.3749999999999996e-01   1.2561703000000000e+00
   6.5000000000000002e-01   1.2505736000000001e+00
   6.4897331999999996e-01   1.2510266999999999e+00
   6.5000000000000002e-01   9.2110002999999996e-01
   6.5355700999999999e-01   9.2144298999999996e-01
   6.5355700999999999e-01   9.2144298999999996e-01
   6.6249999999999998e-01   9.2232097000000002e-01
   6.6490762000000003e-01   9.2259237999999999e-01
   6.7500000000000004e-01   9.2375589000000002e-01
   6.6490762000000003e-01   9.2259237999999999e-01
   6.6249999999999998e-01   9.2232097000000002e-01
   6.6249999999999998e-01   1.2444719000000000e+00
   6.5119804000000003e-01   1.2500000000000000e+00
   6.7435825000000005e-01   1.2381416999999999e+00
   6.7500000000000004e-01   1.2378032999999999e+00
   6.7435825000000005e-01   1.2381416999999999e+00
   6.6249999999999998e-01   1.2444719000000000e+00
   6.5119804000000003e-01   1.2500000000000000e+00
   6.5000000000000002e-01   1.2505736000000001e+00
   6.7500000000000004e-01   9.2375589000000002e-01
   6.7610091000000005e-01   9.2389909000000003e-01
   6.7610091000000005e-01   9.2389909000000003e-01
   6.8446017999999997e-01   9.2500000000000004e-01
   6.8446017999999997e-01   9.2500000000000004e-01
   6.8714671999999999e-01   9.2535327999999994e-01
   6.9805198000000002e-01   9.2694801999999998e-01
   6.8750000000000000e-01   9.2540047000000003e-01
   6.8714671999999999e-01   9.2535327999999994e-01
   6.8750000000000000e-01   9.2540047000000003e-01
   6.9999999999999996e-01   9.2723787000000002e-01
   6.9805198000000002e-01   9.2694801999999998e-01
   6.9622755000000003e-01   1.2250000000000001e+00
   6.9999999999999996e-01   1.2225457000000000e+00
   6.7500000000000004e-01   1.2378032999999999e+00
   6.7553403000000001e-01   1.2375000000000000e+00
   6.8750000000000000e-01   1.2305206000000000e+00
   6.9622755000000003e-01   1.2250000000000001e+00
   6.8750000000000000e-01   1.2305206000000000e+00
   6.7553403000000001e-01   1.2375000000000000e+00
   7.0880129999999997e-01   9.2869869999999999e-01
   6.9999999999999996e-01   9.2723787000000002e-01
   7.1936438999999996e-01   9.3063560999999995e-01
   7.1250000000000002e-01   9.2932864999999998e-01
   7.0880129999999997e-01   9.2869869999999999e-01
   7.1250000000000002e-01   9.2932864999999998e-01
   7.2499999999999998e-01   9.3174853000000002e-01
   7.1936438999999996e-01   9.3063560999999995e-01
   6.9999999999999996e-01   1.2225457000000000e+00
   7.0796468000000001e-01   1.2170353000000000e+00
   7.0796468000000001e-01   1.2170353000000000e+00
   7.1250000000000002e-01   1.2139205000000000e+00
   7.2499999999999998e-01   1.2045897000000001e+00
   7.1445674999999997e-01   1.2124999999999999e+00
   7.1445674999999997e-01   1.2124999999999999e+00
   7.1250000000000002e-01   1.2139205000000000e+00
   7.2970902000000004e-01   9.3279098000000005e-01
   7.2499999999999998e-01   9.3174853000000002e-01
   7.3981185000000005e-01   9.3518815000000000e-01
   7.3750000000000004e-01   9.3459338999999997e-01
   7.2970902000000004e-01   9.3279098000000005e-01
   7.3750000000000004e-01   9.3459338999999997e-01
   7.4838797999999995e-01   9.3750000000000000e-01
   7.3981185000000005e-01   9.3518815000000000e-01
   7.4965963000000002e-01   9.3784036999999998e-01
   7.5000000000000000e-01   9.3793493999999999e-01
   7.4838797999999995e-01   9.3750000000000000e-01
   7.4965963000000002e-01   9.3784036999999998e-01
   7.3750000000000004e-01   1.1945182999999999e+00
   7.3079055999999998e-01   1.2000000000000000e+00
   7.5000000000000000e-01   1.1836597000000000e+00
   7.4567373000000003e-01   1.1875000000000000e+00
   7.4567373000000003e-01   1.1875000000000000e+00
   7.3750000000000004e-01   1.1945182999999999e+00
   7.3079055999999998e-01   1.2000000000000000e+00
   7.2499999999999998e-01   1.2045897000000001e+00
   7.5000000000000000e-01   9.3793493999999999e-01
   7.5921939000000005e-01   9.4078061000000002e-01
   7.5921939000000005e-01   9.4078061000000002e-01
   7.6249999999999996e-01   9.4185322999999999e-01
   7.6849542999999998e-01   9.4400457000000004e-01
   7.7500000000000002e-01   9.4656178999999996e-01
   7.6849542999999998e-01   9.4400457000000004e-01
   7.6249999999999996e-01   9.4185322999999999e-01
   7.6249999999999996e-01   1.1719212000000001e+00
   7.5932021000000005e-01   1.1750000000000000e+00
   7.7500000000000002e-01   1.1591326000000000e+00
   7.7181748999999999e-01   1.1625000000000001e+00
   7.7181748999999999e-01   1.1625000000000001e+00
   7.6249999999999996e-01   1.1719212000000001e+00
   7.5932021000000005e-01   1.1750000000000000e+00
   7.5000000000000000e-01   1.1836597000000000e+00
   7.7500000000000002e-01   9.4656178999999996e-01
   7.7741252000000005e-01   9.4758748000000004e-01
   7.7741252000000005e-01   9.4758748000000004e-01
   7.8268448000000002e-01   9.4999999999999996e-01
   7.8268448000000002e-01   9.4999999999999996e-01
   7.8600331000000001e-01   9.5149669000000003e-01
   7.9427605000000001e-01   9.5572394999999999e-01
   7.8749999999999998e-01   9.5222277000000000e-01
   7.8600331000000001e-01   9.5149669000000003e-01
   7.8749999999999998e-01   9.5222277000000000e-01
   8.0000000000000004e-01   9.5908645999999997e-01
   7.9427605000000001e-01   9.5572394999999999e-01
   7.8749999999999998e-01   1.1450760000000000e+00
   7.8326781000000001e-01   1.1499999999999999e+00
   8.0000000000000004e-01   1.1294786000000001e+00
   7.9377841000000005e-01   1.1375000000000000e+00
   7.9377841000000005e-01   1.1375000000000000e+00
   7.8749999999999998e-01   1.1450760000000000e+00
   7.8326781000000001e-01   1.1499999999999999e+00
   7.7500000000000002e-01   1.1591326000000000e+00
   8.0508603000000001e-01   9.6250000000000002e-01
   8.0945756999999996e-01   9.6554242999999995e-01
   8.0211076000000003e-01   9.6038924000000003e-01
   8.0000000000000004e-01   9.5908645999999997e-01
   8.0211076000000003e-01   9.6038924000000003e-01
   8.0508603000000001e-01   9.6250000000000002e-01
   8.0945756999999996e-01   9.6554242999999995e-01
   8.1250000000000000e-01   9.6801890999999995e-01
   8.2014834999999997e-01   9.7499999999999998e-01
   8.1631527000000004e-01   9.7118473000000005e-01
   8.1631527000000004e-01   9.7118473000000005e-01
   8.1250000000000000e-01   9.6801890999999995e-01
   8.2257952999999995e-01   9.7742046999999999e-01
   8.2014834999999997e-01   9.7499999999999998e-01
   8.2499999999999996e-01   9.8033766000000000e-01
   8.2257952999999995e-01   9.7742046999999999e-01
   8.1998488999999997e-01   1.1000000000000001e+00
   8.2499999999999996e-01   1.0909138000000000e+00
   8.1209920000000002e-01   1.1125000000000000e+00
   8.1113668999999999e-01   1.1138633000000000e+00
   8.1250000000000000e-01   1.1118892000000000e+00
   8.1998488999999997e-01   1.1000000000000001e+00
   8.1250000000000000e-01   1.1118892000000000e+00
   8.1209920000000002e-01   1.1125000000000000e+00
   8.1113668999999999e-01   1.1138633000000000e+00
   8.0333931000000003e-01   1.1250000000000000e+00
   8.0333931000000003e-01   1.1250000000000000e+00
   8.0000000000000004e-01   1.1294786000000001e+00
   8.3048343000000002e-01   9.8750000000000004e-01
   8.3318464000000003e-01   9.9181536000000003e-01
   8.2827119000000005e-01   9.8422880999999995e-01
   8.2499999999999996e-01   9.8033766000000000e-01
   8.2827119000000005e-01   9.8422880999999995e-01
   8.3048343000000002e-01   9.8750000000000004e-01
   8.3318464000000003e-01   9.9181536000000003e-01
   8.3750000000000002e-01   9.9998673999999999e-01
   8.3750674999999997e-01   1.0000000000000000e+00
   8.3750466000000001e-01   9.9999534000000001e-01
   8.3750466000000001e-01   9.9999534000000001e-01
   8.3750000000000002e-01   9.9998673999999999e-01
   8.4068385999999995e-01   1.0093160999999999e+00
   8.3750674999999997e-01   1.0000000000000000e+00
   8.4152705000000005e-01   1.0125000000000000e+00
   8.4068385999999995e-01   1.0093160999999999e+00
   8.4313015000000002e-01   1.0249999999999999e+00
   8.4256290000000000e-01   1.0199370999999999e+00
   8.4152705000000005e-01   1.0125000000000000e+00
   8.4256290000000000e-01   1.0199370999999999e+00
   8.4282780999999996e-01   1.0321722000000000e+00
   8.4313015000000002e-01   1.0249999999999999e+00
   8.4264658000000003e-01   1.0375000000000001e+00
   8.4282780999999996e-01   1.0321722000000000e+00
   8.4074139000000003e-01   1.0500000000000000e+00
   8.4127943000000005e-01   1.0462206000000001e+00
   8.4264658000000003e-01   1.0375000000000001e+00
   8.4127943000000005e-01   1.0462206000000001e+00
   8.3718621000000004e-01   1.0625000000000000e+00
   8.3698450999999996e-01   1.0630154999999999e+00
   8.3750000000000002e-01   1.0614292999999999e+00
   8.4074139000000003e-01   1.0500000000000000e+00
   8.3750000000000002e-01   1.0614292999999999e+00
   8.3718621000000004e-01   1.0625000000000000e+00
   8.3698450999999996e-01   1.0630154999999999e+00
   8.3249081000000003e-01   1.0750000000000000e+00
   8.2499999999999996e-01   1.0909138000000000e+00
   8.2680876000000003e-01   1.0874999999999999e+00
   8.3249081000000003e-01   1.0750000000000000e+00
   8.2825364000000001e-01   1.0842464000000001e+00
   8.2825364000000001e-01   1.0842464000000001e+00
   8.2680876000000003e-01   1.0874999999999999e+00
   4.9048125999999997e-01   9.1548125999999996e-01
   5.0000000000000000e-01   9.1547042999999995e-01
   4.7499999999999998e-01   9.1557407000000002e-01
   4.7805149000000002e-01   9.1555149000000002e-01
   4.8749999999999999e-01   9.1548355999999997e-01
   4.9048125999999997e-01   9.1548125999999996e-01
   4.8749999999999999e-01   9.1548355999999997e-01
   4.7805149000000002e-01   9.1555149000000002e-01
   4.8749999999999999e-01   1.2841030000000000e+00
   4.8388530000000002e-01   1.2838852999999999e+00
   5.0000000000000000e-01   1.2843259000000000e+00
   4.9677039000000001e-01   1.2842704000000000e+00
   4.9677039000000001e-01   1.2842704000000000e+00
   4.8749999999999999e-01   1.2841030000000000e+00
   4.8388530000000002e-01   1.2838852999999999e+00
   4.7499999999999998e-01   1.2833790000000000e+00
   4.6568766000000000e-01   9.1568766000000001e-01
   4.7499999999999998e-01   9.1557407000000002e-01
   4.5000000000000001e-01   9.1593473000000003e-01
   4.5337830000000001e-01   9.1587830000000003e-01
   4.6250000000000002e-01   9.1572684999999998e-01
   4.6568766000000000e-01   9.1568766000000001e-01
   4.6250000000000002e-01   9.1572684999999998e-01
   4.5337830000000001e-01   9.1587830000000003e-01
   4.6250000000000002e-01   1.2822245000000001e+00
   4.5643335000000002e-01   1.2814333000000000e+00
   4.7499999999999998e-01   1.2833790000000000e+00
   4.7045039999999999e-01   1.2829504000000000e+00
   4.7045039999999999e-01   1.2829504000000000e+00
   4.6250000000000002e-01   1.2822245000000001e+00
   4.5643335000000002e-01   1.2814333000000000e+00
   4.5000000000000001e-01   1.2806162999999999e+00
   4.4113150000000001e-01   9.1613149999999999e-01
   4.5000000000000001e-01   9.1593473000000003e-01
   4.2499999999999999e-01   9.1657865000000005e-01
   4.2896160999999999e-01   9.1646161000000004e-01
   4.3750000000000000e-01   9.1621216000000005e-01
   4.4113150000000001e-01   9.1613149999999999e-01
   4.3750000000000000e-01   9.1621216000000005e-01
   4.2896160999999999e-01   9.1646161000000004e-01
   4.3750000000000000e-01   1.2785527000000001e+00
   4.2628962999999997e-01   1.2762895999999999e+00
   4.5000000000000001e-01   1.2806162999999999e+00
   4.4173728000000001e-01   1.2792372999999999e+00
   4.4173728000000001e-01   1.2792372999999999e+00
   4.3750000000000000e-01   1.2785527000000001e+00
   4.2628962999999997e-01   1.2762895999999999e+00
   4.2499999999999999e-01   1.2760359999999999e+00
   4.1686717000000001e-01   9.1686716999999995e-01
   4.2499999999999999e-01   9.1657865000000005e-01
   4.0000000000000002e-01   9.1755428000000006e-01
   4.0484684999999998e-01   9.1734685000000005e-01
   4.1249999999999998e-01   9.1702260999999996e-01
   4.1686717000000001e-01   9.1686716999999995e-01
   4.1249999999999998e-01   9.1702260999999996e-01
   4.0484684999999998e-01   9.1734685000000005e-01
   4.0000000000000002e-01   1.2695727999999999e+00
   4.0978988000000000e-01   1.2722899000000001e+00
   4.2061912000000001e-01   1.2749999999999999e+00
   4.1249999999999998e-01   1.2730604999999999e+00
   4.1249999999999998e-01   1.2730604999999999e+00
   4.0978988000000000e-01   1.2722899000000001e+00
   4.2499999999999999e-01   1.2760359999999999e+00
   4.2061912000000001e-01   1.2749999999999999e+00
   3.9291239999999999e-01   9.1791239999999996e-01
   4.0000000000000002e-01   9.1755428000000006e-01
   3.7500000000000000e-01   9.1893217000000005e-01
   3.8106868999999999e-01   9.1856868999999997e-01
   3.8750000000000001e-01   9.1818789000000001e-01
   3.9291239999999999e-01   9.1791239999999996e-01
   3.8750000000000001e-01   9.1818789000000001e-01
   3.8106868999999999e-01   9.1856868999999997e-01
   3.9200045000000000e-01   1.2670005000000000e+00
   4.0000000000000002e-01   1.2695727999999999e+00
   3.7900340999999999e-01   1.2625000000000000e+00
   3.7500000000000000e-01   1.2610189999999999e+00
   3.8750000000000001e-01   1.2655889000000000e+00
   3.9200045000000000e-01   1.2670005000000000e+00
   3.7900340999999999e-01   1.2625000000000000e+00
   3.8750000000000001e-01   1.2655889000000000e+00
   3.6932591999999997e-01   9.1932592000000002e-01
   3.7500000000000000e-01   9.1893217000000005e-01
   3.4999999999999998e-01   9.2082666000000002e-01
   3.5769437999999998e-01   9.2019437999999998e-01
   3.6249999999999999e-01   9.1980516000000001e-01
   3.6932591999999997e-01   9.1932592000000002e-01
   3.6249999999999999e-01   9.1980516000000001e-01
   3.5769437999999998e-01   9.2019437999999998e-01
   3.6249999999999999e-01   1.2559088000000000e+00
   3.5051784000000002e-01   1.2505177999999999e+00
   3.7500000000000000e-01   1.2610189999999999e+00
   3.7246941000000000e-01   1.2599693999999999e+00
   3.7246941000000000e-01   1.2599693999999999e+00
   3.6249999999999999e-01   1.2559088000000000e+00
   3.5051784000000002e-01   1.2505177999999999e+00
   3.4999999999999998e-01   1.2502884999999999e+00
   3.4618661000000001e-01   9.2118661000000002e-01
   3.4999999999999998e-01   9.2082666000000002e-01
   3.2500000000000001e-01   9.2342285000000002e-01
   3.3481703000000002e-01   9.2231702999999998e-01
   3.3750000000000002e-01   9.2202138000000000e-01
   3.4618661000000001e-01   9.2118661000000002e-01
   3.3750000000000002e-01   9.2202138000000000e-01
   3.3481703000000002e-01   9.2231702999999998e-01
   3.2509362000000003e-01   1.2375000000000000e+00
   3.2500000000000001e-01   1.2374483999999999e+00
   3.4939955000000000e-01   1.2500000000000000e+00
   3.3750000000000002e-01   1.2441679000000001e+00
   3.2509362000000003e-01   1.2375000000000000e+00
   3.3750000000000002e-01   1.2441679000000001e+00
   3.4999999999999998e-01   1.2502884999999999e+00
   3.4939955000000000e-01   1.2500000000000000e+00
   3.2360069000000002e-01   9.2360069000000000e-01
   3.2500000000000001e-01   9.2342285000000002e-01
   3.1273522999999998e-01   9.2500000000000004e-01
   3.2360069000000002e-01   9.2360069000000000e-01
   3.1250000000000000e-01   9.2503029999999997e-01
   3.0159751000000001e-01   9.2659751000000001e-01
   3.1252679999999999e-01   9.2502680000000004e-01
   3.1273522999999998e-01   9.2500000000000004e-01
   3.1252679999999999e-01   9.2502680000000004e-01
   3.1250000000000000e-01   9.2503029999999997e-01
   3.0159751000000001e-01   9.2659751000000001e-01
   2.9999999999999999e-01   9.2683088000000002e-01
   2.9999999999999999e-01   1.2221252000000000e+00
   3.0441481999999997e-01   1.2250000000000001e+00
   3.0441481999999997e-01   1.2250000000000001e+00
   3.1250000000000000e-01   1.2301085000000000e+00
   3.2500000000000001e-01   1.2374483999999999e+00
   3.2487312000000002e-01   1.2373730999999999e+00
   3.2487312000000002e-01   1.2373730999999999e+00
   3.1250000000000000e-01   1.2301085000000000e+00
   2.8749999999999998e-01   9.2888561999999997e-01
   2.8024545000000001e-01   9.3024545000000003e-01
   2.9999999999999999e-01   9.2683088000000002e-01
   2.9082840999999998e-01   9.2832840999999999e-01
   2.9082840999999998e-01   9.2832840999999999e-01
   2.8749999999999998e-01   9.2888561999999997e-01
   2.8024545000000001e-01   9.3024545000000003e-01
   2.7500000000000002e-01   9.3126390999999997e-01
   2.9056894999999999e-01   1.2155689999999999e+00
   2.9999999999999999e-01   1.2221252000000000e+00
   2.8619661000000002e-01   1.2124999999999999e+00
   2.7500000000000002e-01   1.2040535000000001e+00
   2.8749999999999998e-01   1.2134509000000000e+00
   2.9056894999999999e-01   1.2155689999999999e+00
   2.8619661000000002e-01   1.2124999999999999e+00
   2.8749999999999998e-01   1.2134509000000000e+00
   2.6250000000000001e-01   9.3406752999999998e-01
   2.5976167999999999e-01   9.3476168000000004e-01
   2.7500000000000002e-01   9.3126390999999997e-01
   2.6988119999999999e-01   9.3238120000000002e-01
   2.6988119999999999e-01   9.3238120000000002e-01
   2.6250000000000001e-01   9.3406752999999998e-01
   2.5976167999999999e-01   9.3476168000000004e-01
   2.5000000000000000e-01   9.3736710000000001e-01
   2.5500700999999998e-01   1.1875000000000000e+00
   2.5000000000000000e-01   1.1830476999999999e+00
   2.6989722999999999e-01   1.2000000000000000e+00
   2.6250000000000001e-01   1.1939455999999999e+00
   2.5500700999999998e-01   1.1875000000000000e+00
   2.6250000000000001e-01   1.1939455999999999e+00
   2.7500000000000002e-01   1.2040535000000001e+00
   2.6989722999999999e-01   1.2000000000000000e+00
   2.5000000000000000e-01   9.3736710000000001e-01
   2.4989749000000000e-01   9.3739749000000006e-01
   2.4033257999999999e-01   9.4033257999999997e-01
   2.4956614999999999e-01   9.3750000000000000e-01
   2.4989749000000000e-01   9.3739749000000006e-01
   2.4956614999999999e-01   9.3750000000000000e-01
   2.2500000000000001e-01   9.4589292999999997e-01
   2.3103849000000001e-01   9.4353849000000001e-01
   2.3749999999999999e-01   9.4124414999999995e-01
   2.4033257999999999e-01   9.4033257999999997e-01
   2.3749999999999999e-01   9.4124414999999995e-01
   2.3103849000000001e-01   9.4353849000000001e-01
   2.2884829000000001e-01   1.1625000000000001e+00
   2.2500000000000001e-01   1.1584257000000000e+00
   2.4135681000000000e-01   1.1750000000000000e+00
   2.3749999999999999e-01   1.1712579000000001e+00
   2.2884829000000001e-01   1.1625000000000001e+00
   2.3749999999999999e-01   1.1712579000000001e+00
   2.5000000000000000e-01   1.1830476999999999e+00
   2.4135681000000000e-01   1.1750000000000000e+00
   2.2211281999999999e-01   9.4711281999999997e-01
   2.2500000000000001e-01   9.4589292999999997e-01
   2.1578885000000000e-01   9.4999999999999996e-01
   2.2211281999999999e-01   9.4711281999999997e-01
   2.1249999999999999e-01   9.5151408000000004e-01
   2.0525615999999999e-01   9.5525616000000002e-01
   2.1352029000000000e-01   9.5102028999999999e-01
   2.1578885000000000e-01   9.4999999999999996e-01
   2.1352029000000000e-01   9.5102028999999999e-01
   2.1249999999999999e-01   9.5151408000000004e-01
   2.0525615999999999e-01   9.5525616000000002e-01
   2.0000000000000001e-01   9.5833873999999997e-01
   2.0682597000000000e-01   1.1375000000000000e+00
   2.0000000000000001e-01   1.1287347000000001e+00
   2.1737359000000001e-01   1.1499999999999999e+00
   2.1249999999999999e-01   1.1443344000000000e+00
   2.0682597000000000e-01   1.1375000000000000e+00
   2.1249999999999999e-01   1.1443344000000000e+00
   2.2500000000000001e-01   1.1584257000000000e+00
   2.1737359000000001e-01   1.1499999999999999e+00
   2.0000000000000001e-01   9.5833873999999997e-01
   1.9742386000000001e-01   9.5992385999999996e-01
   1.9007699000000000e-01   9.6507699000000002e-01
   1.9378730000000000e-01   9.6250000000000002e-01
   1.9742386000000001e-01   9.5992385999999996e-01
   1.9378730000000000e-01   9.6250000000000002e-01
   1.8321934000000001e-01   9.7071934000000004e-01
   1.7888456000000000e-01   9.7499999999999998e-01
   1.8750000000000000e-01   9.6717151999999995e-01
   1.9007699000000000e-01   9.6507699000000002e-01
   1.8750000000000000e-01   9.6717151999999995e-01
   1.8321934000000001e-01   9.7071934000000004e-01
   1.7888456000000000e-01   9.7499999999999998e-01
   1.7693092999999999e-01   9.7693092999999998e-01
   1.7693092999999999e-01   9.7693092999999998e-01
   1.7499999999999999e-01   9.7925287999999999e-01
   1.7499999999999999e-01   1.0903149000000001e+00
   1.8041143000000001e-01   1.1000000000000001e+00
   1.8041143000000001e-01   1.1000000000000001e+00
   1.8750000000000000e-01   1.1111715000000000e+00
   1.9053094000000001e-01   1.1155309000000000e+00
   1.8837810999999999e-01   1.1125000000000000e+00
   1.8837810999999999e-01   1.1125000000000000e+00
   1.8750000000000000e-01   1.1111715000000000e+00
   1.9720322000000001e-01   1.1250000000000000e+00
   1.9053094000000001e-01   1.1155309000000000e+00
   2.0000000000000001e-01   1.1287347000000001e+00
   1.9720322000000001e-01   1.1250000000000000e+00
   1.7499999999999999e-01   9.7925287999999999e-01
   1.7122651999999999e-01   9.8372652000000005e-01
   1.6626632000000000e-01   9.9126632000000003e-01
   1.6865434000000001e-01   9.8750000000000004e-01
   1.7122651999999999e-01   9.8372652000000005e-01
   1.6865434000000001e-01   9.8750000000000004e-01
   1.6206102999999999e-01   9.9956102999999996e-01
   1.6186801000000001e-01   1.0000000000000000e+00
   1.6250000000000001e-01   9.9872002999999998e-01
   1.6626632000000000e-01   9.9126632000000003e-01
   1.6250000000000001e-01   9.9872002999999998e-01
   1.6206102999999999e-01   9.9956102999999996e-01
   1.6186801000000001e-01   1.0000000000000000e+00
   1.5891493000000001e-01   1.0089148999999999e+00
   1.5708838000000000e-01   1.0195884000000000e+00
   1.5653521000000001e-01   1.0249999999999999e+00
   1.5891493000000001e-01   1.0089148999999999e+00
   1.5799584999999999e-01   1.0125000000000000e+00
   1.5799584999999999e-01   1.0125000000000000e+00
   1.5708838000000000e-01   1.0195884000000000e+00
   1.5653521000000001e-01   1.0249999999999999e+00
   1.5691162000000000e-01   1.0319115999999999e+00
   1.5861479000000001e-01   1.0461148000000000e+00
   1.5921283999999999e-01   1.0500000000000000e+00
   1.5691162000000000e-01   1.0319115999999999e+00
   1.5715878999999999e-01   1.0375000000000001e+00
   1.5715878999999999e-01   1.0375000000000001e+00
   1.5861479000000001e-01   1.0461148000000000e+00
   1.5921283999999999e-01   1.0500000000000000e+00
   1.6250000000000001e-01   1.0611739000000000e+00
   1.6317302000000000e-01   1.0631729999999999e+00
   1.6290346000000000e-01   1.0625000000000000e+00
   1.6290346000000000e-01   1.0625000000000000e+00
   1.6250000000000001e-01   1.0611739000000000e+00
   1.6772371999999999e-01   1.0750000000000000e+00
   1.6317302000000000e-01   1.0631729999999999e+00
   1.7225350000000000e-01   1.0847534999999999e+00
   1.6772371999999999e-01   1.0750000000000000e+00
   1.7349057000000001e-01   1.0874999999999999e+00
   1.7499999999999999e-01   1.0903149000000001e+00
   1.7225350000000000e-01   1.0847534999999999e+00
   1.7349057000000001e-01   1.0874999999999999e+00
