   5.0000000000000000e-01   1.2740351000000001e+00
   4.7684599000000000e-01   1.2731539999999999e+00
   4.5425791999999998e-01   1.2707421000000001e+00
   4.5000000000000001e-01   1.2702190000000000e+00
   4.7684599000000000e-01   1.2731539999999999e+00
   4.7499999999999998e-01   1.2730819000000000e+00
   4.7499999999999998e-01   1.2730819000000000e+00
   4.5425791999999998e-01   1.2707421000000001e+00
   4.5000000000000001e-01   1.2702190000000000e+00
   4.3295949000000000e-01   1.2670405000000000e+00
   4.1279697999999998e-01   1.2622030000000000e+00
   4.0000000000000002e-01   1.2585215999999999e+00
   4.3295949000000000e-01   1.2670405000000000e+00
   4.2499999999999999e-01   1.2653968000000000e+00
   4.2499999999999999e-01   1.2653968000000000e+00
   4.1279697999999998e-01   1.2622030000000000e+00
   4.0000000000000002e-01   1.2585215999999999e+00
   3.9356786999999999e-01   1.2564321000000001e+00
   3.7482873000000000e-01   1.2500000000000000e+00
   3.7495239000000002e-01   1.2500476000000000e+00
   3.9356786999999999e-01   1.2564321000000001e+00
   3.7500000000000000e-01   1.2500652000000001e+00
   3.7500000000000000e-01   1.2500652000000001e+00
   3.7495239000000002e-01   1.2500476000000000e+00
   3.5681965999999998e-01   1.2431802999999999e+00
   3.7482873000000000e-01   1.2500000000000000e+00
   3.4999999999999998e-01   1.2402081000000000e+00
   3.5681965999999998e-01   1.2431802999999999e+00
   3.3970044999999999e-01   1.2352995000000000e+00
   3.4999999999999998e-01   1.2402081000000000e+00
   3.2342136999999999e-01   1.2265786000000001e+00
   3.2500000000000001e-01   1.2274612000000000e+00
   3.3970044999999999e-01   1.2352995000000000e+00
   3.2500000000000001e-01   1.2274612000000000e+00
   3.0762479999999998e-01   1.2173752000000000e+00
   2.9999999999999999e-01   1.2121686000000000e+00
   3.2074912999999999e-01   1.2250000000000001e+00
   3.2342136999999999e-01   1.2265786000000001e+00
   3.2074912999999999e-01   1.2250000000000001e+00
   3.0762479999999998e-01   1.2173752000000000e+00
   2.9999999999999999e-01   1.2121686000000000e+00
   2.9283830999999999e-01   1.2071616999999999e+00
   2.9283830999999999e-01   1.2071616999999999e+00
   2.8293346000000003e-01   1.2000000000000000e+00
   2.8293346000000003e-01   1.2000000000000000e+00
   2.7831073000000001e-01   1.1966893000000001e+00
   2.6433677999999999e-01   1.1856632000000000e+00
   2.7500000000000002e-01   1.1940942000000001e+00
   2.7831073000000001e-01   1.1966893000000001e+00
   2.7500000000000002e-01   1.1940942000000001e+00
   2.5109983000000002e-01   1.1739002000000001e+00
   2.5000000000000000e-01   1.1728265000000000e+00
   2.5234807999999997e-01   1.1750000000000000e+00
   2.6433677999999999e-01   1.1856632000000000e+00
   2.5234807999999997e-01   1.1750000000000000e+00
   2.5109983000000002e-01   1.1739002000000001e+00
   2.5000000000000000e-01   1.1728265000000000e+00
   2.3841767000000000e-01   1.1615823000000001e+00
   2.3841767000000000e-01   1.1615823000000001e+00
   2.2717661000000000e-01   1.1499999999999999e+00
   2.2717661000000000e-01   1.1499999999999999e+00
   2.2610141000000000e-01   1.1488986000000001e+00
   2.1430105999999999e-01   1.1356989000000000e+00
   2.2500000000000001e-01   1.1476546000000001e+00
   2.2610141000000000e-01   1.1488986000000001e+00
   2.2500000000000001e-01   1.1476546000000001e+00
   2.0315301999999999e-01   1.1218470000000000e+00
   2.0000000000000001e-01   1.1172856000000000e+00
   2.0567203000000001e-01   1.1250000000000000e+00
   2.1430105999999999e-01   1.1356989000000000e+00
   2.0567203000000001e-01   1.1250000000000000e+00
   2.0315301999999999e-01   1.1218470000000000e+00
   2.0000000000000001e-01   1.1172856000000000e+00
   1.9288946000000001e-01   1.1071105000000001e+00
   1.9288946000000001e-01   1.1071105000000001e+00
   1.8791152000000000e-01   1.1000000000000001e+00
   1.8791152000000000e-01   1.1000000000000001e+00
   1.8271677000000000e-01   1.0922832000000000e+00
   1.7427746000000000e-01   1.0757224999999999e+00
   1.7499999999999999e-01   1.0771018000000001e+00
   1.8271677000000000e-01   1.0922832000000000e+00
   1.7499999999999999e-01   1.0771018000000001e+00
   1.6395504999999999e-01   1.0500000000000000e+00
   1.6679347999999999e-01   1.0582065000000000e+00
   1.7393328000000000e-01   1.0750000000000000e+00
   1.7427746000000000e-01   1.0757224999999999e+00
   1.7393328000000000e-01   1.0750000000000000e+00
   1.6679347999999999e-01   1.0582065000000000e+00
   1.6161221000000001e-01   1.0383878000000000e+00
   1.6395504999999999e-01   1.0500000000000000e+00
   1.6100753000000001e-01   1.0000000000000000e+00
   1.5995065999999999e-01   1.0150493000000000e+00
   1.5942448000000001e-01   1.0249999999999999e+00
   1.6161221000000001e-01   1.0383878000000000e+00
   1.5942448000000001e-01   1.0249999999999999e+00
   1.5995065999999999e-01   1.0150493000000000e+00
   1.6430017999999999e-01   9.8569982000000000e-01
   1.6100753000000001e-01   1.0000000000000000e+00
   1.7499999999999999e-01   9.6300679000000000e-01
   1.9176006000000001e-01   9.4999999999999996e-01
   1.6553154000000000e-01   9.7499999999999998e-01
   1.6430017999999999e-01   9.8569982000000000e-01
   1.7499999999999999e-01   9.6300679000000000e-01
   1.6553154000000000e-01   9.7499999999999998e-01
   5.0000000000000000e-01   9.0538222999999995e-01
   4.9461003999999997e-01   9.0538996000000005e-01
   4.6949221000000002e-01   9.0550779000000003e-01
   4.5000000000000001e-01   9.0583232000000002e-01
   4.9461003999999997e-01   9.0538996000000005e-01
   4.7499999999999998e-01   9.0541645000000004e-01
   4.7499999999999998e-01   9.0541645000000004e-01
   4.6949221000000002e-01   9.0550779000000003e-01
   4.5000000000000001e-01   9.0583232000000002e-01
   4.4399729999999998e-01   9.0600270000000005e-01
   4.1817408000000000e-01   9.0682591999999995e-01
   4.0000000000000002e-01   9.0761044999999996e-01
   4.4399729999999998e-01   9.0600270000000005e-01
   4.2499999999999999e-01   9.0652699999999997e-01
   4.2499999999999999e-01   9.0652699999999997e-01
   4.1817408000000000e-01   9.0682591999999995e-01
   4.0000000000000002e-01   9.0761044999999996e-01
   3.9191304999999999e-01   9.0808694999999995e-01
   3.6524617999999998e-01   9.0975382000000005e-01
   3.4999999999999998e-01   9.1082213999999995e-01
   3.9191304999999999e-01   9.0808694999999995e-01
   3.7500000000000000e-01   9.0906825999999996e-01
   3.7500000000000000e-01   9.0906825999999996e-01
   3.6524617999999998e-01   9.0975382000000005e-01
   3.4999999999999998e-01   9.1082213999999995e-01
   3.3803023999999998e-01   9.1196975999999996e-01
   3.0969774999999999e-01   9.1530224999999998e-01
   2.9999999999999999e-01   9.1660576000000005e-01
   3.3803023999999998e-01   9.1196975999999996e-01
   3.2500000000000001e-01   9.1318500999999996e-01
   3.2500000000000001e-01   9.1318500999999996e-01
   3.0969774999999999e-01   9.1530224999999998e-01
   2.9999999999999999e-01   9.1660576000000005e-01
   2.7945235000000002e-01   9.2054765000000005e-01
   2.7945235000000002e-01   9.2054765000000005e-01
   2.7500000000000002e-01   9.2135111999999997e-01
   2.5000000000000000e-01   9.2765732000000001e-01
   2.6040993000000001e-01   9.2500000000000004e-01
   2.7500000000000002e-01   9.2135111999999997e-01
   2.6040993000000001e-01   9.2500000000000004e-01
   2.4589522999999999e-01   9.2910477000000002e-01
   2.5000000000000000e-01   9.2765732000000001e-01
   2.0738266000000000e-01   9.4261733999999997e-01
   2.2500000000000001e-01   9.3626385000000001e-01
   2.4589522999999999e-01   9.2910477000000002e-01
   2.2500000000000001e-01   9.3626385000000001e-01
   2.0000000000000001e-01   9.4508612000000003e-01
   2.0738266000000000e-01   9.4261733999999997e-01
   1.9176006000000001e-01   9.4999999999999996e-01
   2.0000000000000001e-01   9.4508612000000003e-01
   8.0000000000000004e-01   9.4578709999999999e-01
   8.0711383999999997e-01   9.4999999999999996e-01
   8.0711383999999997e-01   9.4999999999999996e-01
   8.2499999999999996e-01   9.6378206000000000e-01
   8.3502390999999998e-01   9.8502391000000000e-01
   8.3387518999999999e-01   9.7499999999999998e-01
   8.3387518999999999e-01   9.7499999999999998e-01
   8.2499999999999996e-01   9.6378206000000000e-01
   8.3846529999999997e-01   1.0000000000000000e+00
   8.3502390999999998e-01   9.8502391000000000e-01
   8.3978969000000003e-01   1.0147896999999999e+00
   8.3846529999999997e-01   1.0000000000000000e+00
   8.3846056999999996e-01   1.0384606000000001e+00
   8.4053886000000000e-01   1.0249999999999999e+00
   8.3978969000000003e-01   1.0147896999999999e+00
   8.4053886000000000e-01   1.0249999999999999e+00
   8.3630126999999999e-01   1.0500000000000000e+00
   8.3846056999999996e-01   1.0384606000000001e+00
   8.3348312000000002e-01   1.0584830999999999e+00
   8.3630126999999999e-01   1.0500000000000000e+00
   8.2611224000000005e-01   1.0761122000000001e+00
   8.2663741999999996e-01   1.0750000000000000e+00
   8.3348312000000002e-01   1.0584830999999999e+00
   8.2663741999999996e-01   1.0750000000000000e+00
   8.1768925000000003e-01   1.0926893000000000e+00
   8.1282626000000002e-01   1.1000000000000001e+00
   8.2499999999999996e-01   1.0782436000000000e+00
   8.2611224000000005e-01   1.0761122000000001e+00
   8.2499999999999996e-01   1.0782436000000000e+00
   8.1768925000000003e-01   1.0926893000000000e+00
   8.1282626000000002e-01   1.1000000000000001e+00
   8.0758218999999998e-01   1.1075822000000000e+00
   8.0758218999999998e-01   1.1075822000000000e+00
   8.0000000000000004e-01   1.1185426999999999e+00
   7.9378099000000002e-01   9.4378099000000004e-01
   8.0000000000000004e-01   9.4578709999999999e-01
   7.5000000000000000e-01   9.2883141999999996e-01
   7.5573924000000003e-01   9.3073923999999997e-01
   7.7500000000000002e-01   9.3708519000000001e-01
   7.9378099000000002e-01   9.4378099000000004e-01
   7.7500000000000002e-01   9.3708519000000001e-01
   7.5573924000000003e-01   9.3073923999999997e-01
   8.0000000000000004e-01   1.1185426999999999e+00
   7.9737639000000005e-01   1.1223764000000001e+00
   7.8624835999999998e-01   1.1362483999999999e+00
   7.9529212999999999e-01   1.1250000000000000e+00
   7.9737639000000005e-01   1.1223764000000001e+00
   7.9529212999999999e-01   1.1250000000000000e+00
   7.7451912999999994e-01   1.1495191000000000e+00
   7.7405380999999995e-01   1.1499999999999999e+00
   7.7500000000000002e-01   1.1489701999999999e+00
   7.8624835999999998e-01   1.1362483999999999e+00
   7.7500000000000002e-01   1.1489701999999999e+00
   7.7451912999999994e-01   1.1495191000000000e+00
   7.7405380999999995e-01   1.1499999999999999e+00
   7.6223991999999996e-01   1.1622399000000001e+00
   7.6223991999999996e-01   1.1622399000000001e+00
   7.5000000000000000e-01   1.1739700000000000e+00
   7.2499999999999998e-01   9.2225246000000005e-01
   7.2160466999999995e-01   9.2160467000000001e-01
   7.3554872999999998e-01   9.2500000000000004e-01
   7.5000000000000000e-01   9.2883141999999996e-01
   7.3554872999999998e-01   9.2500000000000004e-01
   7.2499999999999998e-01   9.2225246000000005e-01
   7.2160466999999995e-01   9.2160467000000001e-01
   6.9999999999999996e-01   9.1722663000000004e-01
   7.5000000000000000e-01   1.1739700000000000e+00
   7.4947478999999995e-01   1.1744748000000000e+00
   7.3628241999999999e-01   1.1862824000000001e+00
   7.4888244000000004e-01   1.1750000000000000e+00
   7.4947478999999995e-01   1.1744748000000000e+00
   7.4888244000000004e-01   1.1750000000000000e+00
   7.2227140000000001e-01   1.1972714000000000e+00
   7.1845513999999999e-01   1.2000000000000000e+00
   7.2499999999999998e-01   1.1951468000000001e+00
   7.3628241999999999e-01   1.1862824000000001e+00
   7.2499999999999998e-01   1.1951468000000001e+00
   7.2227140000000001e-01   1.1972714000000000e+00
   7.1845513999999999e-01   1.2000000000000000e+00
   7.0773936999999998e-01   1.2077393999999999e+00
   7.0773936999999998e-01   1.2077393999999999e+00
   6.9999999999999996e-01   1.2131033000000000e+00
   6.7500000000000004e-01   9.1362317000000004e-01
   6.6247650000000002e-01   9.1247650000000002e-01
   6.9999999999999996e-01   9.1722663000000004e-01
   6.9094380000000000e-01   9.1594379999999997e-01
   6.9094380000000000e-01   9.1594379999999997e-01
   6.7500000000000004e-01   9.1362317000000004e-01
   6.6247650000000002e-01   9.1247650000000002e-01
   6.5000000000000002e-01   9.1129514000000000e-01
   6.9999999999999996e-01   1.2131033000000000e+00
   6.9290370000000001e-01   1.2179036999999999e+00
   6.7704242000000003e-01   1.2270424000000000e+00
   6.8054044999999996e-01   1.2250000000000001e+00
   6.9290370000000001e-01   1.2179036999999999e+00
   6.8054044999999996e-01   1.2250000000000001e+00
   6.5000000000000002e-01   1.2407530000000000e+00
   6.6071486999999995e-01   1.2357149000000001e+00
   6.7500000000000004e-01   1.2281742000000000e+00
   6.7704242000000003e-01   1.2270424000000000e+00
   6.7500000000000004e-01   1.2281742000000000e+00
   6.6071486999999995e-01   1.2357149000000001e+00
   6.2500000000000000e-01   9.0958777000000002e-01
   6.0862941000000004e-01   9.0862940999999997e-01
   6.5000000000000002e-01   9.1129514000000000e-01
   6.3529236000000000e-01   9.1029236000000002e-01
   6.3529236000000000e-01   9.1029236000000002e-01
   6.2500000000000000e-01   9.0958777000000002e-01
   6.0862941000000004e-01   9.0862940999999997e-01
   5.9999999999999998e-01   9.0811889999999995e-01
   6.4352880999999995e-01   1.2435288000000000e+00
   6.5000000000000002e-01   1.2407530000000000e+00
   6.2623315999999996e-01   1.2500000000000000e+00
   6.4352880999999995e-01   1.2435288000000000e+00
   6.2500000000000000e-01   1.2504644000000000e+00
   6.0669715999999996e-01   1.2566972000000001e+00
   6.2533967000000001e-01   1.2503397000000001e+00
   6.2623315999999996e-01   1.2500000000000000e+00
   6.2533967000000001e-01   1.2503397000000001e+00
   6.2500000000000000e-01   1.2504644000000000e+00
   6.0669715999999996e-01   1.2566972000000001e+00
   5.9999999999999998e-01   1.2588543999999999e+00
   5.7499999999999996e-01   9.0697163000000003e-01
   5.5637007999999999e-01   9.0637007999999997e-01
   5.9999999999999998e-01   9.0811889999999995e-01
   5.8231034000000004e-01   9.0731033999999999e-01
   5.8231034000000004e-01   9.0731033999999999e-01
   5.7499999999999996e-01   9.0697163000000003e-01
   5.5637007999999999e-01   9.0637007999999997e-01
   5.5000000000000004e-01   9.0615946999999997e-01
   5.7499999999999996e-01   1.2656376000000000e+00
   5.6721473000000000e-01   1.2672147000000000e+00
   5.9999999999999998e-01   1.2588543999999999e+00
   5.8742748000000000e-01   1.2624275000000000e+00
   5.8742748000000000e-01   1.2624275000000000e+00
   5.7499999999999996e-01   1.2656376000000000e+00
   5.6721473000000000e-01   1.2672147000000000e+00
   5.5000000000000004e-01   1.2703666000000000e+00
   5.2500000000000002e-01   9.0559191999999999e-01
   5.0542849000000001e-01   9.0542849000000003e-01
   5.5000000000000004e-01   9.0615946999999997e-01
   5.3072160999999995e-01   9.0572160999999995e-01
   5.3072160999999995e-01   9.0572160999999995e-01
   5.2500000000000002e-01   9.0559191999999999e-01
   5.0542849000000001e-01   9.0542849000000003e-01
   5.0000000000000000e-01   9.0538222999999995e-01
   5.2500000000000002e-01   1.2731494000000001e+00
   5.2321417000000003e-01   1.2732142000000000e+00
   5.5000000000000004e-01   1.2703666000000000e+00
   5.4586018999999997e-01   1.2708602000000000e+00
   5.4586018999999997e-01   1.2708602000000000e+00
   5.2500000000000002e-01   1.2731494000000001e+00
   5.2321417000000003e-01   1.2732142000000000e+00
   5.0000000000000000e-01   1.2740351000000001e+00
