   1.2500000000000001e-02   1.9588306999999999e-01   9.9962737000000002e-01   5.0015661000000000e-01   4.2844700000000003e-03
   2.5000000000000001e-02   1.9577936000000001e-01   9.9956465000000005e-01   5.0025118999999996e-01   9.9378399999999999e-03
   3.7499999999999999e-02   1.9574259999999999e-01   9.9952794000000000e-01   5.0040423000000001e-01   1.5933159999999998e-02
   5.0000000000000003e-02   1.9573345000000000e-01   9.9949880000000002e-01   5.0062379000000001e-01   2.1977330000000000e-02
   6.2500000000000000e-02   1.9573615000000000e-01   9.9948314000000005e-01   5.0091664999999996e-01   2.8011570000000000e-02
   7.4999999999999997e-02   1.9574131000000000e-01   9.9947896999999997e-01   5.0128366000000002e-01   3.4002959999999999e-02
   8.7499999999999994e-02   1.9574424000000001e-01   9.9947593999999995e-01   5.0172231000000000e-01   3.9918830000000002e-02
   1.0000000000000001e-01   1.9574573000000001e-01   9.9947204999999995e-01   5.0223010000000001e-01   4.5747179999999998e-02
   1.1250000000000000e-01   1.9574354999999999e-01   9.9946630999999997e-01   5.0280157000000003e-01   5.1525130000000002e-02
   1.2500000000000000e-01   1.9574721000000000e-01   9.9947480000000000e-01   5.0343097000000003e-01   5.7246150000000003e-02
   1.3750000000000001e-01   1.9576170000000001e-01   9.9949878000000003e-01   5.0410999999999995e-01   6.2886159999999997e-02
   1.4999999999999999e-01   1.9575282999999999e-01   9.9946984999999999e-01   5.0486688999999996e-01   6.8444560000000002e-02
   1.6250000000000001e-01   1.9575602000000000e-01   9.9946020000000002e-01   5.0568683999999997e-01   7.3868790000000004e-02
   1.7499999999999999e-01   1.9575945000000000e-01   9.9945479000000004e-01   5.0656906000000002e-01   7.9195340000000003e-02
   1.8750000000000000e-01   1.9576346999999999e-01   9.9945006999999997e-01   5.0751460000000004e-01   8.4441649999999993e-02
   2.0000000000000001e-01   1.9576929000000001e-01   9.9945424000000005e-01   5.0852485999999997e-01   8.9667970000000000e-02
   2.1249999999999999e-01   1.9578218000000000e-01   9.9947929999999996e-01   5.0958970999999997e-01   9.4881579999999993e-02
   2.2500000000000001e-01   1.9577236000000001e-01   9.9945085000000000e-01   5.1072421000000001e-01   1.0005222000000000e-01
   2.3749999999999999e-01   1.9577758000000001e-01   9.9944531999999997e-01   5.1192141999999996e-01   1.0514330000000000e-01
   2.5000000000000000e-01   1.9579210999999999e-01   9.9946690999999999e-01   5.1317323999999997e-01   1.1016221000000000e-01
   2.6250000000000001e-01   1.9578592000000000e-01   9.9943948999999999e-01   5.1450543999999998e-01   1.1510247000000000e-01
   2.7500000000000002e-01   1.9579784000000000e-01   9.9945355000000002e-01   5.1589574999999999e-01   1.1998179000000000e-01
   2.8749999999999998e-01   1.9580004000000001e-01   9.9945154000000003e-01   5.1735182999999996e-01   1.2481652000000000e-01
   2.9999999999999999e-01   1.9580175000000000e-01   9.9944202999999998e-01   5.1887627999999997e-01   1.2955848000000000e-01
   3.1250000000000000e-01   1.9580945000000000e-01   9.9945728000000000e-01   5.2046179000000004e-01   1.3424283000000001e-01
   3.2500000000000001e-01   1.9580687999999999e-01   9.9942746999999998e-01   5.2212126000000003e-01   1.3881648999999999e-01
   3.3750000000000002e-01   1.9580691000000000e-01   9.9941400999999996e-01   5.2384788000000004e-01   1.4333018000000000e-01
   3.4999999999999998e-01   1.9581145999999999e-01   9.9939971000000005e-01   5.2563020000000005e-01   1.4775447000000000e-01
   3.6249999999999999e-01   1.9582345000000001e-01   9.9942571999999996e-01   5.2745463000000004e-01   1.5214897999999999e-01
   3.7500000000000000e-01   1.9581357999999999e-01   9.9943409999999999e-01   5.2932254000000001e-01   1.5655784000000000e-01
   3.8750000000000001e-01   1.9579662000000000e-01   9.9940165000000003e-01   5.3124954999999996e-01   1.6076457000000000e-01
   4.0000000000000002e-01   1.9578736999999999e-01   9.9939668000000004e-01   5.3322592999999996e-01   1.6485414000000001e-01
   4.1249999999999998e-01   1.9577817000000000e-01   9.9939074999999999e-01   5.3525361999999999e-01   1.6883216000000001e-01
   4.2499999999999999e-01   1.9577302999999999e-01   9.9939787000000002e-01   5.3733613000000002e-01   1.7269126000000001e-01
   4.3750000000000000e-01   1.9575509999999999e-01   9.9933877000000004e-01   5.3948677000000000e-01   1.7642206999999999e-01
   4.5000000000000001e-01   1.9575623000000000e-01   9.9932310999999996e-01   5.4167551000000003e-01   1.8008695000000000e-01
   4.6250000000000002e-01   1.9574370999999999e-01   9.9924219999999997e-01   5.4391641999999996e-01   1.8356600000000001e-01
   4.7499999999999998e-01   1.9573778999999999e-01   9.9910445000000003e-01   5.4619125999999996e-01   1.8690826999999999e-01
   4.8749999999999999e-01   1.9574894000000001e-01   9.9901797999999997e-01   5.4849007999999999e-01   1.9016100999999999e-01
   5.0000000000000000e-01   1.9576140000000000e-01   9.9896238000000004e-01   5.5079491000000003e-01   1.9341457000000001e-01
   5.1249999999999996e-01   1.9573355000000001e-01   9.9881719000000002e-01   5.5316025000000002e-01   1.9651845000000001e-01
   5.2500000000000002e-01   1.9572496000000000e-01   9.9868765999999998e-01   5.5555356000000000e-01   1.9957711000000000e-01
   5.3749999999999998e-01   1.9573539000000001e-01   9.9862987000000003e-01   5.5795273000000001e-01   2.0259308000000001e-01
   5.5000000000000004e-01   1.9573020999999999e-01   9.9851111999999997e-01   5.6039572999999998e-01   2.0542319000000001e-01
   5.6250000000000000e-01   1.9574203000000001e-01   9.9838289000000002e-01   5.6286844999999996e-01   2.0811286000000001e-01
   5.7499999999999996e-01   1.9572585000000001e-01   9.9817210000000001e-01   5.6538933999999996e-01   2.1064835000000001e-01
   5.8750000000000002e-01   1.9573314999999999e-01   9.9795533000000003e-01   5.6794504999999995e-01   2.1300467000000001e-01
   5.9999999999999998e-01   1.9574538000000000e-01   9.9774350999999994e-01   5.7052327000000003e-01   2.1531323999999999e-01
   6.1250000000000004e-01   1.9573988000000000e-01   9.9744348000000005e-01   5.7315874000000000e-01   2.1752756000000001e-01
   6.2500000000000000e-01   1.9577317999999999e-01   9.9717889999999998e-01   5.7581336999999999e-01   2.1962071000000000e-01
   6.3749999999999996e-01   1.9576170000000001e-01   9.9677769999999999e-01   5.7853286000000004e-01   2.2160277000000000e-01
   6.5000000000000002e-01   1.9576278999999999e-01   9.9637900999999995e-01   5.8128405999999999e-01   2.2359946000000000e-01
   6.6249999999999998e-01   1.9577947000000001e-01   9.9593701999999995e-01   5.8404047999999997e-01   2.2558191000000000e-01
   6.7500000000000004e-01   1.9579268999999999e-01   9.9551692000000003e-01   5.8678920999999995e-01   2.2764369000000001e-01
   6.8750000000000000e-01   1.9580541000000001e-01   9.9511689999999997e-01   5.8955500000000005e-01   2.2951869999999999e-01
   6.9999999999999996e-01   1.9581731999999999e-01   9.9471891000000001e-01   5.9233645999999995e-01   2.3123841000000001e-01
   7.1250000000000002e-01   1.9581322000000001e-01   9.9426638000000001e-01   5.9514436999999998e-01   2.3280603999999999e-01
   7.2499999999999998e-01   1.9580201000000000e-01   9.9375351999999995e-01   5.9798010000000001e-01   2.3425016000000001e-01
   7.3750000000000004e-01   1.9581174000000001e-01   9.9321453999999998e-01   6.0082345000000004e-01   2.3541988999999999e-01
   7.5000000000000000e-01   1.9580555999999999e-01   9.9256809999999995e-01   6.0369567000000002e-01   2.3639218000000001e-01
   7.6249999999999996e-01   1.9581439000000000e-01   9.9191264000000001e-01   6.0657282999999995e-01   2.3733343000000001e-01
   7.7500000000000002e-01   1.9578942999999999e-01   9.9115491000000000e-01   6.0947857000000005e-01   2.3824161999999999e-01
   7.8749999999999998e-01   1.9578412000000001e-01   9.9035876000000000e-01   6.1238972999999997e-01   2.3903435000000001e-01
   8.0000000000000004e-01   1.9577863000000001e-01   9.8951014000000004e-01   6.1529579999999995e-01   2.3976376999999999e-01
   8.1250000000000000e-01   1.9577206999999999e-01   9.8856109000000003e-01   6.1819751000000001e-01   2.4037491000000000e-01
   8.2499999999999996e-01   1.9579097000000001e-01   9.8767379000000000e-01   6.2108985999999999e-01   2.4095014000000001e-01
   8.3750000000000002e-01   1.9580306000000000e-01   9.8679684000000001e-01   6.2397930999999995e-01   2.4154629000000000e-01
   8.4999999999999998e-01   1.9583324999999999e-01   9.8594594000000002e-01   6.2686982000000002e-01   2.4199783000000000e-01
   8.6250000000000004e-01   1.9579548999999999e-01   9.8500003000000003e-01   6.2982448999999996e-01   2.4242267000000001e-01
   8.7500000000000000e-01   1.9578751999999999e-01   9.8399484999999998e-01   6.3280994999999995e-01   2.4263809000000000e-01
   8.8749999999999996e-01   1.9582993000000001e-01   9.8302993000000005e-01   6.3578478999999999e-01   2.4263272000000000e-01
   9.0000000000000002e-01   1.9584228000000001e-01   9.8188529000000002e-01   6.3875400000000004e-01   2.4269410000000000e-01
   9.1249999999999998e-01   1.9583333999999999e-01   9.8056805999999996e-01   6.4173716000000003e-01   2.4266789000000000e-01
   9.2500000000000004e-01   1.9582993000000001e-01   9.7922432000000004e-01   6.4472406999999998e-01   2.4258233000000001e-01
   9.3750000000000000e-01   1.9582194000000000e-01   9.7780542000000004e-01   6.4770832000000000e-01   2.4249891000000001e-01
   9.4999999999999996e-01   1.9582747000000000e-01   9.7632483000000003e-01   6.5068895000000004e-01   2.4240348000000000e-01
   9.6250000000000002e-01   1.9586368000000001e-01   9.7485484000000000e-01   6.5363355000000001e-01   2.4236515000000000e-01
   9.7499999999999998e-01   1.9590419000000001e-01   9.7343703000000004e-01   6.5653581000000005e-01   2.4246707000000001e-01
   9.8750000000000004e-01   1.9586951999999999e-01   9.7183008999999998e-01   6.5946846999999997e-01   2.4257501000000001e-01
   1.0000000000000000e+00   1.9588991000000000e-01   9.7032609999999997e-01   6.6238160999999995e-01   2.4263778000000000e-01
   1.0125000000000000e+00   1.9587202000000001e-01   9.6876083000000002e-01   6.6531035999999999e-01   2.4263559000000001e-01
   1.0249999999999999e+00   1.9584719000000000e-01   9.6715934999999997e-01   6.6824302999999996e-01   2.4253964000000000e-01
   1.0375000000000001e+00   1.9583690000000001e-01   9.6556359999999997e-01   6.7116175000000000e-01   2.4224397000000000e-01
   1.0500000000000000e+00   1.9583382999999999e-01   9.6399509999999999e-01   6.7407642999999995e-01   2.4189864000000000e-01
   1.0625000000000000e+00   1.9584234000000000e-01   9.6274099999999996e-01   6.7696787000000003e-01   2.4158171000000001e-01
   1.0750000000000000e+00   1.9573757000000000e-01   9.6108884000000006e-01   6.7993367999999998e-01   2.4122563000000000e-01
   1.0874999999999999e+00   1.9573333000000001e-01   9.5972564999999999e-01   6.8290265999999999e-01   2.4070113000000001e-01
   1.1000000000000001e+00   1.9577517999999999e-01   9.5837764999999997e-01   6.8584778999999996e-01   2.4007969000000001e-01
   1.1125000000000000e+00   1.9581113999999999e-01   9.5682977999999996e-01   6.8875956000000005e-01   2.3943191000000000e-01
   1.1250000000000000e+00   1.9585614000000001e-01   9.5529023000000002e-01   6.9164037000000000e-01   2.3885666000000000e-01
   1.1375000000000000e+00   1.9587400999999999e-01   9.5382188000000001e-01   6.9452703999999998e-01   2.3839824000000001e-01
   1.1499999999999999e+00   1.9588306999999999e-01   9.5235239999999999e-01   6.9739846999999999e-01   2.3812973000000001e-01
   1.1625000000000001e+00   1.9588663000000001e-01   9.5087014999999997e-01   7.0025910999999996e-01   2.3791646999999999e-01
   1.1750000000000000e+00   1.9588986000000000e-01   9.4938781999999999e-01   7.0311519000000000e-01   2.3768128999999999e-01
   1.1875000000000000e+00   1.9583496000000000e-01   9.4758136000000004e-01   7.0600934000000004e-01   2.3731637000000000e-01
   1.2000000000000000e+00   1.9581736000000000e-01   9.4586970999999997e-01   7.0891146000000005e-01   2.3670231999999999e-01
   1.2124999999999999e+00   1.9582495000000000e-01   9.4420625000000002e-01   7.1180105000000005e-01   2.3599923000000000e-01
   1.2250000000000001e+00   1.9582624000000001e-01   9.4256956000000003e-01   7.1467091000000005e-01   2.3547560000000001e-01
   1.2375000000000000e+00   1.9580844000000000e-01   9.4100057000000004e-01   7.1754256999999999e-01   2.3507006999999999e-01
   1.2500000000000000e+00   1.9578201000000001e-01   9.3953189999999998e-01   7.2042444999999999e-01   2.3468776999999999e-01
   1.2625000000000000e+00   1.9578245000000000e-01   9.3848949999999998e-01   7.2328725999999999e-01   2.3429417000000000e-01
   1.2749999999999999e+00   1.9556098000000000e-01   9.3703966000000005e-01   7.2631623000000001e-01   2.3382051000000001e-01
   1.2875000000000001e+00   1.9559842999999999e-01   9.3625234999999996e-01   7.2927947000000004e-01   2.3302759000000001e-01
   1.3000000000000000e+00   1.9565175000000001e-01   9.3561722000000003e-01   7.3217401999999998e-01   2.3231112000000001e-01
   1.3125000000000000e+00   1.9575719000000000e-01   9.3513789000000003e-01   7.3497360000000000e-01   2.3170252000000000e-01
   1.3250000000000000e+00   1.9576776000000001e-01   9.3401524000000002e-01   7.3774662999999996e-01   2.3130253000000001e-01
   1.3374999999999999e+00   1.9580196999999999e-01   9.3287368000000004e-01   7.4050260000000001e-01   2.3094980000000001e-01
   1.3500000000000001e+00   1.9581591000000001e-01   9.3179528000000000e-01   7.4324493000000003e-01   2.3071622000000000e-01
   1.3625000000000000e+00   1.9582303000000001e-01   9.3081480999999999e-01   7.4598916999999998e-01   2.3048645000000001e-01
   1.3750000000000000e+00   1.9580175999999999e-01   9.3008022999999995e-01   7.4877963000000003e-01   2.3043996999999999e-01
   1.3875000000000000e+00   1.9571823999999999e-01   9.2909576000000005e-01   7.5164646000000002e-01   2.3018848000000000e-01
   1.3999999999999999e+00   1.9575403000000000e-01   9.2830349999999995e-01   7.5448747999999999e-01   2.2951646000000001e-01
   1.4125000000000001e+00   1.9579750000000001e-01   9.2750252000000000e-01   7.5729513000000004e-01   2.2890195999999999e-01
   1.4250000000000000e+00   1.9581486000000001e-01   9.2660823999999997e-01   7.6008507999999997e-01   2.2860611000000000e-01
   1.4375000000000000e+00   1.9586112999999999e-01   9.2575348999999996e-01   7.6284456000000000e-01   2.2844806000000001e-01
   1.4500000000000000e+00   1.9574942000000001e-01   9.2521255000000002e-01   7.6569949999999998e-01   2.2820225999999999e-01
   1.4624999999999999e+00   1.9573217000000001e-01   9.2454917999999997e-01   7.6856486999999996e-01   2.2758299000000001e-01
   1.4750000000000001e+00   1.9576700999999999e-01   9.2396429999999996e-01   7.7139195000000005e-01   2.2669089000000001e-01
   1.4875000000000000e+00   1.9583671999999999e-01   9.2304534000000005e-01   7.7415087000000005e-01   2.2570366000000000e-01
   1.5000000000000000e+00   1.9589102999999999e-01   9.2186597000000003e-01   7.7685389999999999e-01   2.2487741999999999e-01
   1.5125000000000000e+00   1.9591259000000000e-01   9.2054429000000004e-01   7.7951857000000002e-01   2.2430957000000001e-01
   1.5249999999999999e+00   1.9593432000000000e-01   9.1926204000000000e-01   7.8215170000000001e-01   2.2385711999999999e-01
   1.5375000000000001e+00   1.9594196000000000e-01   9.1816555000000000e-01   7.8477041000000003e-01   2.2341758000000000e-01
   1.5500000000000000e+00   1.9592713000000000e-01   9.1731415999999999e-01   7.8738814000000001e-01   2.2296497000000001e-01
   1.5625000000000000e+00   1.9587109000000000e-01   9.1717415000000002e-01   7.9002737000000001e-01   2.2244954000000000e-01
   1.5750000000000000e+00   1.9571160000000001e-01   9.1643918000000002e-01   7.9277348999999997e-01   2.2185268999999999e-01
   1.5874999999999999e+00   1.9574453000000000e-01   9.1633584999999995e-01   7.9547703999999997e-01   2.2073075000000000e-01
   1.6000000000000001e+00   1.9581817000000001e-01   9.1635633999999999e-01   7.9812136000000000e-01   2.1953534000000000e-01
   1.6125000000000000e+00   1.9586228000000000e-01   9.1595291000000001e-01   8.0074487999999999e-01   2.1843657000000000e-01
   1.6250000000000000e+00   1.9587578999999999e-01   9.1498709000000000e-01   8.0336328999999995e-01   2.1756858000000001e-01
   1.6375000000000000e+00   1.9587847999999999e-01   9.1398838000000004e-01   8.0598941000000002e-01   2.1683433999999999e-01
   1.6499999999999999e+00   1.9588449999999999e-01   9.1315935999999998e-01   8.0862151000000004e-01   2.1615991000000001e-01
   1.6625000000000001e+00   1.9585874000000000e-01   9.1266544000000005e-01   8.1128345000000002e-01   2.1552073999999999e-01
   1.6750000000000000e+00   1.9576626999999999e-01   9.1159294000000002e-01   8.1400698000000005e-01   2.1497482000000001e-01
   1.6875000000000000e+00   1.9582239000000001e-01   9.1102453999999999e-01   8.1666998000000002e-01   2.1452230999999999e-01
   1.7000000000000000e+00   1.9587033000000001e-01   9.1039742999999995e-01   8.1928228000000003e-01   2.1437782999999999e-01
   1.7124999999999999e+00   1.9591738000000000e-01   9.0967458999999995e-01   8.2185726999999997e-01   2.1443249000000000e-01
   1.7250000000000001e+00   1.9597962999999999e-01   9.0894858999999995e-01   8.2439556000000003e-01   2.1464759999999999e-01
   1.7375000000000000e+00   1.9602769000000000e-01   9.0873335000000000e-01   8.2689489999999999e-01   2.1503217999999999e-01
   1.7500000000000000e+00   1.9593679000000000e-01   9.0866994999999995e-01   8.2946989000000004e-01   2.1508838000000000e-01
   1.7625000000000000e+00   1.9591151000000001e-01   9.0906861000000005e-01   8.3205085999999995e-01   2.1478913999999999e-01
   1.7749999999999999e+00   1.9587767000000000e-01   9.0907926999999999e-01   8.3463399000000005e-01   2.1411626000000000e-01
   1.7875000000000001e+00   1.9587409000000000e-01   9.0875444000000005e-01   8.3719927000000005e-01   2.1325965999999999e-01
   1.8000000000000000e+00   1.9587165000000001e-01   9.0813853000000000e-01   8.3974172000000002e-01   2.1236103000000001e-01
   1.8125000000000000e+00   1.9588332000000000e-01   9.0740591999999998e-01   8.4226844999999995e-01   2.1160524999999999e-01
   1.8250000000000000e+00   1.9587122000000001e-01   9.0663039000000001e-01   8.4478642000000004e-01   2.1102755000000001e-01
   1.8374999999999999e+00   1.9583004000000001e-01   9.0600066000000001e-01   8.4731582000000005e-01   2.1037855999999999e-01
   1.8500000000000001e+00   1.9569207000000000e-01   9.0649495000000002e-01   8.4994155999999998e-01   2.0950806000000000e-01
   1.8625000000000000e+00   1.9562565000000001e-01   9.0624004999999996e-01   8.5260358999999997e-01   2.0880061999999999e-01
   1.8750000000000000e+00   1.9570445000000000e-01   9.0710237000000005e-01   8.5521924000000005e-01   2.0809215000000000e-01
   1.8875000000000000e+00   1.9587484999999999e-01   9.0840796999999995e-01   8.5773540999999998e-01   2.0743333999999999e-01
   1.8999999999999999e+00   1.9588247000000000e-01   9.0829484000000005e-01   8.6025372000000000e-01   2.0702820000000000e-01
   1.9125000000000001e+00   1.9592647999999999e-01   9.0764113000000002e-01   8.6274923999999997e-01   2.0680123000000000e-01
   1.9250000000000000e+00   1.9595604999999999e-01   9.0694801999999997e-01   8.6522083000000005e-01   2.0663097999999999e-01
   1.9375000000000000e+00   1.9595763999999999e-01   9.0649469000000005e-01   8.6768930000000000e-01   2.0633858999999999e-01
   1.9500000000000000e+00   1.9595591000000001e-01   9.0663415000000003e-01   8.7014630000000004e-01   2.0595875000000000e-01
   1.9624999999999999e+00   1.9584119999999999e-01   9.0706688000000002e-01   8.7267075999999999e-01   2.0587896999999999e-01
   1.9750000000000001e+00   1.9581649000000001e-01   9.0745323000000000e-01   8.7520014999999995e-01   2.0592216999999999e-01
   1.9875000000000000e+00   1.9589793000000000e-01   9.0853698999999999e-01   8.7767715999999996e-01   2.0555788000000000e-01
   2.0000000000000000e+00   1.9594965000000000e-01   9.0916901000000006e-01   8.8011689999999998e-01   2.0498322999999999e-01
   2.0125000000000002e+00   1.9592859000000001e-01   9.0898641999999996e-01   8.8256811000000002e-01   2.0441908000000000e-01
   2.0249999999999999e+00   1.9592308999999999e-01   9.0859104999999996e-01   8.8501761999999995e-01   2.0390896999999999e-01
   2.0375000000000001e+00   1.9588960999999999e-01   9.0821158000000002e-01   8.8747370999999997e-01   2.0347408000000000e-01
   2.0499999999999998e+00   1.9587526999999999e-01   9.0814006000000003e-01   8.8991483000000005e-01   2.0298546000000001e-01
   2.0625000000000000e+00   1.9576210999999999e-01   9.0814764999999997e-01   8.9241877000000003e-01   2.0245124000000000e-01
   2.0750000000000002e+00   1.9567435999999999e-01   9.0845388999999999e-01   8.9496883000000005e-01   2.0192894000000000e-01
   2.0874999999999999e+00   1.9570071000000000e-01   9.0937166999999997e-01   8.9747348999999998e-01   2.0140005000000000e-01
   2.1000000000000001e+00   1.9579307000000001e-01   9.1039835000000002e-01   8.9990831000000004e-01   2.0089213000000000e-01
   2.1124999999999998e+00   1.9584777000000000e-01   9.1088186000000004e-01   9.0231170000000005e-01   2.0040561000000001e-01
   2.1250000000000000e+00   1.9585174999999999e-01   9.1057686000000004e-01   9.0471531000000005e-01   2.0002121000000000e-01
   2.1375000000000002e+00   1.9587321999999999e-01   9.1017532999999995e-01   9.0711790000000003e-01   1.9968968000000001e-01
   2.1499999999999999e+00   1.9585859999999999e-01   9.0982850999999998e-01   9.0952988999999995e-01   1.9946131000000000e-01
   2.1625000000000001e+00   1.9586660000000000e-01   9.0969966000000002e-01   9.1195071000000005e-01   1.9922648000000001e-01
   2.1749999999999998e+00   1.9589914999999999e-01   9.1019813000000005e-01   9.1435641000000001e-01   1.9899257000000001e-01
   2.1875000000000000e+00   1.9579495999999999e-01   9.1013319999999998e-01   9.1683391999999997e-01   1.9912345000000001e-01
   2.2000000000000002e+00   1.9582721000000000e-01   9.1087733999999998e-01   9.1928911999999996e-01   1.9903486000000001e-01
   2.2124999999999999e+00   1.9589687000000000e-01   9.1176531999999999e-01   9.2170191999999995e-01   1.9879569000000000e-01
   2.2250000000000001e+00   1.9592140999999999e-01   9.1226006999999998e-01   9.2408738000000001e-01   1.9852835999999999e-01
   2.2374999999999998e+00   1.9591243999999999e-01   9.1216816999999994e-01   9.2647204999999999e-01   1.9825556999999999e-01
   2.2500000000000000e+00   1.9590474999999999e-01   9.1195850000000001e-01   9.2885571000000000e-01   1.9800382999999999e-01
   2.2625000000000002e+00   1.9588707999999999e-01   9.1181113000000003e-01   9.3124766999999997e-01   1.9785321000000000e-01
   2.2749999999999999e+00   1.9590336999999999e-01   9.1190017999999995e-01   9.3362871999999997e-01   1.9769137000000001e-01
   2.2875000000000001e+00   1.9583317000000000e-01   9.1205270000000005e-01   9.3606007000000002e-01   1.9753188999999999e-01
   2.2999999999999998e+00   1.9573310999999999e-01   9.1238092000000004e-01   9.3853766999999999e-01   1.9744466999999999e-01
   2.3125000000000000e+00   1.9573651000000000e-01   9.1314194000000004e-01   9.4099796000000002e-01   1.9724325000000001e-01
   2.3250000000000002e+00   1.9580750999999999e-01   9.1405365999999999e-01   9.4340473999999996e-01   1.9691891000000000e-01
   2.3374999999999999e+00   1.9586234000000000e-01   9.1451890999999996e-01   9.4577190000000000e-01   1.9659303000000000e-01
   2.3500000000000001e+00   1.9583983999999999e-01   9.1435491000000002e-01   9.4813263000000003e-01   1.9639147000000001e-01
   2.3624999999999998e+00   1.9584281000000001e-01   9.1407433999999999e-01   9.5048352000000003e-01   1.9618875000000000e-01
   2.3750000000000000e+00   1.9584624000000000e-01   9.1384208000000000e-01   9.5283286000000000e-01   1.9602068000000000e-01
   2.3875000000000002e+00   1.9584424000000000e-01   9.1370514000000003e-01   9.5518676999999996e-01   1.9590235000000000e-01
   2.3999999999999999e+00   1.9586201000000000e-01   9.1382087999999995e-01   9.5753734999999995e-01   1.9582000999999999e-01
   2.4125000000000001e+00   1.9581418000000000e-01   9.1400740999999996e-01   9.5992515000000000e-01   1.9583524999999999e-01
   2.4249999999999998e+00   1.9577375999999999e-01   9.1428905000000005e-01   9.6235581999999997e-01   1.9590523000000001e-01
   2.4375000000000000e+00   1.9583106000000000e-01   9.1499695999999997e-01   9.6475867000000004e-01   1.9590225999999999e-01
   2.4500000000000002e+00   1.9588876999999999e-01   9.1544097000000002e-01   9.6713030000000000e-01   1.9575134999999999e-01
   2.4624999999999999e+00   1.9589488999999999e-01   9.1539619000000005e-01   9.6950206999999999e-01   1.9553798000000000e-01
   2.4750000000000001e+00   1.9590117000000001e-01   9.1519404000000004e-01   9.7187018000000003e-01   1.9536233000000000e-01
   2.4874999999999998e+00   1.9589941999999999e-01   9.1502399999999995e-01   9.7423017000000001e-01   1.9530259000000000e-01
   2.5000000000000000e+00   1.9588602999999999e-01   9.1493206000000005e-01   9.7659154999999997e-01   1.9532533999999999e-01
   2.5125000000000002e+00   1.9590030999999999e-01   9.1502726000000001e-01   9.7894221999999997e-01   1.9533665000000000e-01
   2.5249999999999999e+00   1.9581650000000000e-01   9.1513739000000005e-01   9.8134900000000003e-01   1.9538100999999999e-01
   2.5375000000000001e+00   1.9582388000000001e-01   9.1579787000000001e-01   9.8375243999999995e-01   1.9534422000000001e-01
   2.5499999999999998e+00   1.9581233000000001e-01   9.1638938000000003e-01   9.8616804000000002e-01   1.9530270000000000e-01
   2.5625000000000000e+00   1.9581154000000001e-01   9.1683075000000003e-01   9.8857656000000005e-01   1.9528327000000001e-01
   2.5750000000000002e+00   1.9586290000000001e-01   9.1719349999999999e-01   9.9094417999999995e-01   1.9520158000000001e-01
   2.5874999999999999e+00   1.9586519999999999e-01   9.1706935999999994e-01   9.9330167999999996e-01   1.9512897000000001e-01
   2.6000000000000001e+00   1.9586463000000001e-01   9.1683303000000005e-01   9.9565159000000003e-01   1.9502363000000000e-01
   2.6124999999999998e+00   1.9586480000000001e-01   9.1660788000000004e-01   9.9798989000000005e-01   1.9495277000000000e-01
   2.6250000000000000e+00   1.9585431000000000e-01   9.1644570999999997e-01   1.0003210100000000e+00   1.9492325999999999e-01
   2.6375000000000002e+00   1.9584156000000000e-01   9.1632926000000003e-01   1.0026599300000001e+00   1.9491338000000000e-01
   2.6499999999999999e+00   1.9586112000000000e-01   9.1648271000000003e-01   1.0049878100000000e+00   1.9489903000000000e-01
   2.6625000000000001e+00   1.9580685000000000e-01   9.1672297000000003e-01   1.0073570000000001e+00   1.9498215999999999e-01
   2.6749999999999998e+00   1.9576714000000001e-01   9.1703796000000004e-01   1.0097563000000001e+00   1.9512246000000000e-01
   2.6875000000000000e+00   1.9581960000000001e-01   9.1764416000000004e-01   1.0121405699999999e+00   1.9515541000000000e-01
   2.7000000000000002e+00   1.9585089999999999e-01   9.1797240000000002e-01   1.0145159399999999e+00   1.9511117000000000e-01
   2.7124999999999999e+00   1.9585525000000001e-01   9.1783806999999995e-01   1.0169007100000000e+00   1.9499950999999999e-01
   2.7250000000000001e+00   1.9587853000000000e-01   9.1763465000000000e-01   1.0192757200000000e+00   1.9490998000000001e-01
   2.7374999999999998e+00   1.9588685000000000e-01   9.1746223000000005e-01   1.0216472999999999e+00   1.9487980999999999e-01
   2.7500000000000000e+00   1.9587942999999999e-01   9.1737566000000004e-01   1.0240216099999999e+00   1.9490851000000001e-01
   2.7625000000000002e+00   1.9586845999999999e-01   9.1739912999999995e-01   1.0263940199999999e+00   1.9503012000000000e-01
   2.7749999999999999e+00   1.9588936000000001e-01   9.1774120999999997e-01   1.0287520100000001e+00   1.9513688000000001e-01
   2.7875000000000001e+00   1.9578160000000000e-01   9.1792176000000003e-01   1.0311779000000001e+00   1.9526228000000001e-01
   2.7999999999999998e+00   1.9581910000000000e-01   9.1864632000000002e-01   1.0335808300000000e+00   1.9530211000000000e-01
   2.8125000000000000e+00   1.9586676000000000e-01   9.1916288999999995e-01   1.0359612700000000e+00   1.9533138000000000e-01
   2.8250000000000002e+00   1.9587060000000001e-01   9.1910006000000000e-01   1.0383388899999999e+00   1.9538504000000001e-01
   2.8374999999999999e+00   1.9587885999999999e-01   9.1886332999999998e-01   1.0407043600000001e+00   1.9546849999999999e-01
   2.8500000000000001e+00   1.9587690999999999e-01   9.1858424999999999e-01   1.0430641700000001e+00   1.9552928999999999e-01
   2.8624999999999998e+00   1.9588000000000000e-01   9.1834671000000001e-01   1.0454203399999999e+00   1.9555141000000001e-01
   2.8750000000000000e+00   1.9587068999999999e-01   9.1815144999999998e-01   1.0477686100000001e+00   1.9558423999999999e-01
   2.8875000000000002e+00   1.9586840999999999e-01   9.1802768999999995e-01   1.0501142400000001e+00   1.9563003000000001e-01
   2.8999999999999999e+00   1.9584793000000000e-01   9.1792246000000000e-01   1.0524614600000000e+00   1.9570670000000001e-01
   2.9125000000000001e+00   1.9587050000000000e-01   9.1826145999999997e-01   1.0547942800000001e+00   1.9576655000000001e-01
   2.9249999999999998e+00   1.9577486999999999e-01   9.1840480000000002e-01   1.0571931000000001e+00   1.9594185000000000e-01
   2.9375000000000000e+00   1.9581356000000000e-01   9.1898875999999996e-01   1.0595751099999999e+00   1.9602525000000001e-01
   2.9500000000000002e+00   1.9584770000000001e-01   9.1936211000000001e-01   1.0619490599999999e+00   1.9600551999999999e-01
   2.9624999999999999e+00   1.9583875000000001e-01   9.1921352999999995e-01   1.0643432700000000e+00   1.9589197000000000e-01
   2.9750000000000001e+00   1.9585126999999999e-01   9.1895928000000004e-01   1.0667395000000000e+00   1.9580386000000000e-01
   2.9874999999999998e+00   1.9587802000000001e-01   9.1874880000000003e-01   1.0691248099999999e+00   1.9576509000000000e-01
   3.0000000000000000e+00   1.9587286000000001e-01   9.1856841000000000e-01   1.0715163200000000e+00   1.9576892000000001e-01
