   6.2500000000000003e-03   1.9624609000000001e-01   9.9991216000000005e-01   4.9999672000000001e-01   2.1327899999999999e-03
   1.2500000000000001e-02   1.9623409000000000e-01   9.9991057999999999e-01   5.0003670000000000e-01   5.0245999999999997e-03
   1.8749999999999999e-02   1.9623562000000000e-01   9.9991036000000000e-01   5.0009470000000000e-01   8.1362199999999996e-03
   2.5000000000000001e-02   1.9623909000000000e-01   9.9991019000000003e-01   5.0017109999999998e-01   1.1291499999999999e-02
   3.1250000000000000e-02   1.9624163999999999e-01   9.9991017999999998e-01   5.0026667000000002e-01   1.4442160000000001e-02
   3.7499999999999999e-02   1.9624273000000000e-01   9.9991017000000004e-01   5.0038141999999997e-01   1.7570820000000001e-02
   4.3749999999999997e-02   1.9624312999999999e-01   9.9991034000000001e-01   5.0051539000000000e-01   2.0674229999999998e-02
   5.0000000000000003e-02   1.9624331000000000e-01   9.9991034999999995e-01   5.0066853000000000e-01   2.3752599999999999e-02
   5.6250000000000001e-02   1.9624352000000000e-01   9.9991050000000004e-01   5.0084083999999995e-01   2.6812349999999999e-02
   6.2500000000000000e-02   1.9624374000000000e-01   9.9991074999999996e-01   5.0103211999999997e-01   2.9851329999999999e-02
   6.8750000000000006e-02   1.9624388000000001e-01   9.9991054999999995e-01   5.0124234999999995e-01   3.2861139999999997e-02
   7.4999999999999997e-02   1.9624410000000000e-01   9.9991063000000002e-01   5.0147123000000005e-01   3.5847080000000003e-02
   8.1250000000000003e-02   1.9624468000000000e-01   9.9991191000000001e-01   5.0171902999999995e-01   3.8811260000000000e-02
   8.7499999999999994e-02   1.9624440000000001e-01   9.9991165000000004e-01   5.0198474999999998e-01   4.1764580000000003e-02
   9.3750000000000000e-02   1.9624475999999999e-01   9.9991271999999998e-01   5.0226904999999999e-01   4.4701909999999997e-02
   1.0000000000000001e-01   1.9624515000000001e-01   9.9991374000000000e-01   5.0257151000000000e-01   4.7620650000000000e-02
   1.0625000000000000e-01   1.9624543000000000e-01   9.9991350999999995e-01   5.0289200000000001e-01   5.0516630000000000e-02
   1.1250000000000000e-01   1.9624577000000001e-01   9.9991291000000004e-01   5.0323052000000001e-01   5.3390699999999999e-02
   1.1874999999999999e-01   1.9624630000000001e-01   9.9991416000000000e-01   5.0358692000000005e-01   5.6251929999999999e-02
   1.2500000000000000e-01   1.9624601000000000e-01   9.9991450000000004e-01   5.0396023999999995e-01   5.9097450000000003e-02
   1.3125000000000001e-01   1.9624601000000000e-01   9.9991337000000002e-01   5.0435039000000004e-01   6.1915470000000000e-02
   1.3750000000000001e-01   1.9624665999999999e-01   9.9991346999999997e-01   5.0475756000000005e-01   6.4712679999999995e-02
   1.4374999999999999e-01   1.9624700000000000e-01   9.9991238999999998e-01   5.0518225999999999e-01   6.7484160000000001e-02
   1.4999999999999999e-01   1.9624739999999999e-01   9.9991109000000000e-01   5.0562446999999999e-01   7.0236370000000006e-02
   1.5625000000000000e-01   1.9624775000000000e-01   9.9991006000000004e-01   5.0608399000000004e-01   7.2977790000000001e-02
   1.6250000000000001e-01   1.9624765000000000e-01   9.9990787999999997e-01   5.0656056999999999e-01   7.5706819999999994e-02
   1.6875000000000001e-01   1.9624796000000000e-01   9.9990626999999999e-01   5.0705423999999999e-01   7.8420719999999999e-02
   1.7499999999999999e-01   1.9624823999999999e-01   9.9990330999999999e-01   5.0756498000000005e-01   8.1117369999999994e-02
   1.8124999999999999e-01   1.9624860000000000e-01   9.9990073000000002e-01   5.0809252000000005e-01   8.3798209999999998e-02
   1.8750000000000000e-01   1.9624911000000000e-01   9.9989992999999999e-01   5.0863767000000004e-01   8.6454820000000002e-02
   1.9375000000000001e-01   1.9624807000000000e-01   9.9989678999999998e-01   5.0919809000000005e-01   8.9106939999999996e-02
   2.0000000000000001e-01   1.9624844999999999e-01   9.9989815000000004e-01   5.0977406000000003e-01   9.1745309999999997e-02
   2.0624999999999999e-01   1.9624917000000000e-01   9.9989983999999998e-01   5.1036618000000000e-01   9.4366530000000004e-02
   2.1249999999999999e-01   1.9625021000000001e-01   9.9990239999999997e-01   5.1097576000000000e-01   9.6960470000000007e-02
   2.1875000000000000e-01   1.9625038000000000e-01   9.9990283000000002e-01   5.1160254000000005e-01   9.9529709999999993e-02
   2.2500000000000001e-01   1.9625094000000001e-01   9.9990528999999995e-01   5.1224698000000002e-01   1.0206940000000000e-01
   2.3125000000000001e-01   1.9625005000000001e-01   9.9990727999999995e-01   5.1290838000000005e-01   1.0459788000000000e-01
   2.3749999999999999e-01   1.9625002999999999e-01   9.9991004000000006e-01   5.1358651000000000e-01   1.0710045000000000e-01
   2.4374999999999999e-01   1.9625115000000001e-01   9.9991465999999996e-01   5.1428046000000005e-01   1.0958813000000001e-01
   2.5000000000000000e-01   1.9625002999999999e-01   9.9991631000000003e-01   5.1498847999999997e-01   1.1206996000000000e-01
   2.5624999999999998e-01   1.9625001000000000e-01   9.9991715999999997e-01   5.1571246000000004e-01   1.1453372000000001e-01
   2.6250000000000001e-01   1.9624970000000000e-01   9.9991834999999996e-01   5.1645174000000005e-01   1.1698044000000000e-01
   2.6874999999999999e-01   1.9624799000000001e-01   9.9991543999999999e-01   5.1720511000000002e-01   1.1939829000000000e-01
   2.7500000000000002e-01   1.9624802999999999e-01   9.9991443999999996e-01   5.1797316999999998e-01   1.2179537000000000e-01
   2.8125000000000000e-01   1.9624689000000001e-01   9.9991289999999999e-01   5.1875547000000000e-01   1.2417926999999999e-01
   2.8749999999999998e-01   1.9624519000000001e-01   9.9990917000000001e-01   5.1955222000000001e-01   1.2654861000000001e-01
   2.9375000000000001e-01   1.9624440000000001e-01   9.9990495999999995e-01   5.2036329999999997e-01   1.2889452000000001e-01
   2.9999999999999999e-01   1.9624441000000001e-01   9.9990219000000002e-01   5.2118874000000004e-01   1.3121762000000001e-01
   3.0625000000000002e-01   1.9624090999999999e-01   9.9989408999999996e-01   5.2202612999999998e-01   1.3352083000000001e-01
   3.1250000000000000e-01   1.9624200000000000e-01   9.9989231999999995e-01   5.2287782999999999e-01   1.3580341000000001e-01
   3.1874999999999998e-01   1.9624145000000001e-01   9.9989083999999995e-01   5.2374153999999995e-01   1.3806444000000001e-01
   3.2500000000000001e-01   1.9624295999999999e-01   9.9989041000000001e-01   5.2461902000000005e-01   1.4029990000000001e-01
   3.3124999999999999e-01   1.9624388000000001e-01   9.9988955000000002e-01   5.2550889000000001e-01   1.4251427000000000e-01
   3.3750000000000002e-01   1.9624372000000001e-01   9.9988871999999995e-01   5.2641183000000003e-01   1.4470100000000000e-01
   3.4375000000000000e-01   1.9624496999999999e-01   9.9988772999999997e-01   5.2732930000000000e-01   1.4687221000000000e-01
   3.4999999999999998e-01   1.9624548999999999e-01   9.9988553999999996e-01   5.2825926000000001e-01   1.4903912999999999e-01
   3.5625000000000001e-01   1.9624653000000000e-01   9.9988065000000004e-01   5.2920396000000003e-01   1.5117141000000001e-01
   3.6249999999999999e-01   1.9624535000000001e-01   9.9987351000000002e-01   5.3015975999999998e-01   1.5328410000000001e-01
   3.6875000000000002e-01   1.9624654000000000e-01   9.9986761000000002e-01   5.3112915999999999e-01   1.5538435000000000e-01
   3.7500000000000000e-01   1.9624632000000000e-01   9.9985884999999997e-01   5.3211196000000005e-01   1.5746354000000001e-01
   3.8124999999999998e-01   1.9624730000000001e-01   9.9984777000000002e-01   5.3310908000000001e-01   1.5952573000000000e-01
   3.8750000000000001e-01   1.9624753000000000e-01   9.9983264000000005e-01   5.3412018999999999e-01   1.6155409000000001e-01
   3.9374999999999999e-01   1.9624657000000001e-01   9.9981956999999999e-01   5.3514541000000004e-01   1.6355064000000000e-01
   4.0000000000000002e-01   1.9624507999999999e-01   9.9980964999999999e-01   5.3618295999999999e-01   1.6552194000000001e-01
   4.0625000000000000e-01   1.9624599000000001e-01   9.9979974000000005e-01   5.3723372999999996e-01   1.6747092999999999e-01
   4.1249999999999998e-01   1.9624738999999999e-01   9.9978772999999999e-01   5.3829908999999998e-01   1.6939114999999999e-01
   4.1875000000000001e-01   1.9624753000000000e-01   9.9977479000000002e-01   5.3937736000000003e-01   1.7129768000000001e-01
   4.2499999999999999e-01   1.9624784000000001e-01   9.9976100000000001e-01   5.4046910999999997e-01   1.7318148999999999e-01
   4.3125000000000002e-01   1.9624826000000001e-01   9.9974423999999995e-01   5.4157325999999995e-01   1.7504275000000000e-01
   4.3750000000000000e-01   1.9624792999999999e-01   9.9972256000000004e-01   5.4268742999999997e-01   1.7688187999999999e-01
   4.4374999999999998e-01   1.9624622999999999e-01   9.9970017000000000e-01   5.4380918000000000e-01   1.7870465999999999e-01
   4.5000000000000001e-01   1.9624509000000001e-01   9.9967298000000004e-01   5.4494178999999998e-01   1.8050004000000000e-01
   4.5624999999999999e-01   1.9624485000000000e-01   9.9964507999999996e-01   5.4608210000000001e-01   1.8226577999999999e-01
   4.6250000000000002e-01   1.9624573000000001e-01   9.9961148000000000e-01   5.4723147000000005e-01   1.8399736999999999e-01
   4.6875000000000000e-01   1.9624621000000000e-01   9.9957649999999998e-01   5.4839112999999995e-01   1.8569129000000001e-01
   4.7499999999999998e-01   1.9624404000000001e-01   9.9954239000000000e-01   5.4955767000000000e-01   1.8738430000000000e-01
   4.8125000000000001e-01   1.9624458000000000e-01   9.9950762000000004e-01   5.5073547000000000e-01   1.8904781000000001e-01
   4.8749999999999999e-01   1.9624562000000001e-01   9.9947142000000000e-01   5.5192366000000004e-01   1.9069147000000000e-01
   4.9375000000000002e-01   1.9624606999999999e-01   9.9943358999999998e-01   5.5312220999999995e-01   1.9230099000000000e-01
   5.0000000000000000e-01   1.9624579000000000e-01   9.9938906000000005e-01   5.5433233000000004e-01   1.9387403000000000e-01
   5.0624999999999998e-01   1.9624494000000001e-01   9.9934190000000001e-01   5.5555473000000000e-01   1.9539767000000000e-01
   5.1249999999999996e-01   1.9624601000000000e-01   9.9929168000000002e-01   5.5678689999999997e-01   1.9690431000000000e-01
   5.1875000000000004e-01   1.9624335000000001e-01   9.9923094999999995e-01   5.5802618000000004e-01   1.9838317000000000e-01
   5.2500000000000002e-01   1.9624467000000001e-01   9.9916589000000000e-01   5.5927649000000002e-01   1.9983349000000000e-01
   5.3125000000000000e-01   1.9624502999999999e-01   9.9909347000000004e-01   5.6053631000000004e-01   2.0126425000000001e-01
   5.3749999999999998e-01   1.9624702999999999e-01   9.9901876999999994e-01   5.6180722999999999e-01   2.0267251000000000e-01
   5.4374999999999996e-01   1.9624807000000000e-01   9.9894516000000000e-01   5.6308838999999999e-01   2.0405045999999999e-01
   5.5000000000000004e-01   1.9624774000000000e-01   9.9886719999999996e-01   5.6437649999999995e-01   2.0540773000000001e-01
   5.5625000000000002e-01   1.9625424999999999e-01   9.9878858999999998e-01   5.6567197999999996e-01   2.0716572000000000e-01
   5.6250000000000000e-01   1.9625395000000001e-01   9.9870400000000004e-01   5.6697688999999996e-01   2.0804901000000001e-01
   5.6874999999999998e-01   1.9625355000000000e-01   9.9861107000000005e-01   5.6828984999999999e-01   2.0932741999999999e-01
   5.7499999999999996e-01   1.9625437000000001e-01   9.9851473000000002e-01   5.6960988000000001e-01   2.1059863000000001e-01
   5.8125000000000004e-01   1.9625392000000000e-01   9.9841004000000000e-01   5.7093634000000004e-01   2.1184359999999999e-01
   5.8750000000000002e-01   1.9625037000000001e-01   9.9829199000000002e-01   5.7226770000000005e-01   2.1305899000000000e-01
   5.9375000000000000e-01   1.9624944999999999e-01   9.9816802000000004e-01   5.7360823999999999e-01   2.1423470000000000e-01
   5.9999999999999998e-01   1.9624831000000001e-01   9.9803618000000005e-01   5.7495529999999995e-01   2.1535193000000000e-01
   6.0624999999999996e-01   1.9624899000000001e-01   9.9790272000000002e-01   5.7630994000000002e-01   2.1643440999999999e-01
   6.1250000000000004e-01   1.9624653000000000e-01   9.9776237999999995e-01   5.7766941999999999e-01   2.1751234000000000e-01
   6.1875000000000002e-01   1.9624665999999999e-01   9.9761487999999998e-01   5.7903508000000004e-01   2.1857111000000001e-01
   6.2500000000000000e-01   1.9624918000000000e-01   9.9746082999999996e-01   5.8040948000000003e-01   2.1959173000000001e-01
   6.3124999999999998e-01   1.9624984000000001e-01   9.9729593000000005e-01   5.8178956000000004e-01   2.2058606000000000e-01
   6.3749999999999996e-01   1.9625292000000000e-01   9.9712637999999998e-01   5.8317479000000005e-01   2.2153854000000001e-01
   6.4375000000000004e-01   1.9625391000000000e-01   9.9694673000000000e-01   5.8456410000000003e-01   2.2248308999999999e-01
   6.5000000000000002e-01   1.9625390000000001e-01   9.9675641999999998e-01   5.8595828999999999e-01   2.2339722000000001e-01
   6.5625000000000000e-01   1.9625328000000000e-01   9.9655726000000000e-01   5.8735656000000003e-01   2.2429133000000001e-01
   6.6249999999999998e-01   1.9625569000000001e-01   9.9635333999999998e-01   5.8876167999999995e-01   2.2516027000000000e-01
   6.6874999999999996e-01   1.9625581000000000e-01   9.9614175999999999e-01   5.9017308999999996e-01   2.2599433999999999e-01
   6.7500000000000004e-01   1.9625411000000001e-01   9.9591881999999998e-01   5.9159344999999997e-01   2.2677776999999999e-01
   6.8125000000000002e-01   1.9625306000000001e-01   9.9568595000000004e-01   5.9301784000000002e-01   2.2753850000000000e-01
   6.8750000000000000e-01   1.9625509999999999e-01   9.9544359000000004e-01   5.9444900000000001e-01   2.2826991999999999e-01
   6.9374999999999998e-01   1.9625662999999999e-01   9.9519062000000003e-01   5.9588543000000005e-01   2.2898286000000001e-01
   6.9999999999999996e-01   1.9625770000000001e-01   9.9492776000000005e-01   5.9732854999999996e-01   2.2966853000000001e-01
   7.0625000000000004e-01   1.9625692000000000e-01   9.9465020999999998e-01   5.9877431000000003e-01   2.3034694000000000e-01
   7.1250000000000002e-01   1.9625513999999999e-01   9.9435923999999998e-01   6.0022109000000001e-01   2.3100513000000000e-01
   7.1875000000000000e-01   1.9625366999999999e-01   9.9406172999999998e-01   6.0166746000000004e-01   2.3164414000000000e-01
   7.2499999999999998e-01   1.9625540999999999e-01   9.9376154000000005e-01   6.0311820000000005e-01   2.3225324000000000e-01
   7.3124999999999996e-01   1.9625451999999999e-01   9.9344920000000003e-01   6.0457132999999996e-01   2.3283806000000001e-01
   7.3750000000000004e-01   1.9625577999999999e-01   9.9313077999999999e-01   6.0602878000000004e-01   2.3339626999999999e-01
   7.4375000000000002e-01   1.9625243000000001e-01   9.9279634999999999e-01   6.0748873999999997e-01   2.3394038000000000e-01
   7.5000000000000000e-01   1.9625153000000001e-01   9.9244860999999995e-01   6.0895549999999998e-01   2.3441284000000001e-01
   7.5624999999999998e-01   1.9625272999999999e-01   9.9208775999999999e-01   6.1042598999999997e-01   2.3485818000000000e-01
   7.6249999999999996e-01   1.9625229000000000e-01   9.9171463999999998e-01   6.1189956000000001e-01   2.3529391000000000e-01
   7.6875000000000004e-01   1.9625197999999999e-01   9.9132756000000000e-01   6.1337653000000003e-01   2.3571000000000000e-01
   7.7500000000000002e-01   1.9625087999999999e-01   9.9092796999999999e-01   6.1485422000000001e-01   2.3612204000000001e-01
   7.8125000000000000e-01   1.9625213999999999e-01   9.9052507999999995e-01   6.1633386999999995e-01   2.3651964000000000e-01
   7.8749999999999998e-01   1.9625382000000000e-01   9.9011709999999997e-01   6.1781364000000005e-01   2.3690776999999999e-01
   7.9374999999999996e-01   1.9625519999999999e-01   9.8970049000000004e-01   6.1929586999999997e-01   2.3726653000000000e-01
   8.0000000000000004e-01   1.9625302999999999e-01   9.8926932999999995e-01   6.2077979999999999e-01   2.3761802000000001e-01
   8.0625000000000002e-01   1.9625281000000000e-01   9.8883114999999999e-01   6.2226594999999996e-01   2.3795700000000000e-01
   8.1250000000000000e-01   1.9625222000000000e-01   9.8838035999999996e-01   6.2375544000000005e-01   2.3828109000000000e-01
   8.1874999999999998e-01   1.9625126000000001e-01   9.8791329999999999e-01   6.2525109999999995e-01   2.3856056000000000e-01
   8.2499999999999996e-01   1.9625074000000001e-01   9.8743333000000000e-01   6.2675077999999995e-01   2.3879022999999999e-01
   8.3125000000000004e-01   1.9625000000000001e-01   9.8694448000000001e-01   6.2825180999999997e-01   2.3902045999999999e-01
   8.3750000000000002e-01   1.9625005000000001e-01   9.8645154999999995e-01   6.2975406000000000e-01   2.3925938999999999e-01
   8.4375000000000000e-01   1.9624706000000000e-01   9.8594420000000005e-01   6.3125615999999996e-01   2.3948975000000000e-01
   8.4999999999999998e-01   1.9624842000000001e-01   9.8543016999999999e-01   6.3275873000000005e-01   2.3969550000000001e-01
   8.5624999999999996e-01   1.9625086000000000e-01   9.8491054000000000e-01   6.3425931999999996e-01   2.3988712000000001e-01
   8.6250000000000004e-01   1.9625180000000000e-01   9.8438232999999997e-01   6.3575985999999995e-01   2.4006341000000000e-01
   8.6875000000000002e-01   1.9625028000000000e-01   9.8384592999999998e-01   6.3726079000000002e-01   2.4022906999999999e-01
   8.7500000000000000e-01   1.9624986999999999e-01   9.8329995000000003e-01   6.3876337999999999e-01   2.4038269000000001e-01
   8.8124999999999998e-01   1.9624968000000001e-01   9.8274154000000002e-01   6.4026892999999996e-01   2.4050057999999999e-01
   8.8749999999999996e-01   1.9624709000000001e-01   9.8217409000000000e-01   6.4177720000000005e-01   2.4060010000000001e-01
   8.9375000000000004e-01   1.9624385999999999e-01   9.8159971999999995e-01   6.4328653999999996e-01   2.4066424000000000e-01
   9.0000000000000002e-01   1.9623994000000000e-01   9.8101970000000005e-01   6.4479562000000001e-01   2.4074334999999999e-01
   9.0625000000000000e-01   1.9624156000000001e-01   9.8043524999999998e-01   6.4630635999999997e-01   2.4081672000000001e-01
   9.1249999999999998e-01   1.9624099000000000e-01   9.7983693999999999e-01   6.4781747999999995e-01   2.4087201999999999e-01
   9.1874999999999996e-01   1.9624325000000001e-01   9.7923333999999995e-01   6.4932902999999997e-01   2.4091788000000000e-01
   9.2500000000000004e-01   1.9624610000000001e-01   9.7862674999999999e-01   6.5083769000000002e-01   2.4096744000000000e-01
   9.3125000000000002e-01   1.9624609000000001e-01   9.7800626000000002e-01   6.5234513999999999e-01   2.4099361000000000e-01
   9.3750000000000000e-01   1.9624771999999999e-01   9.7738597000000005e-01   6.5385188999999999e-01   2.4101438000000000e-01
   9.4374999999999998e-01   1.9625043000000000e-01   9.7675732000000004e-01   6.5536079000000003e-01   2.4100782000000001e-01
   9.4999999999999996e-01   1.9625027000000000e-01   9.7612801000000005e-01   6.5686871000000002e-01   2.4099966000000000e-01
   9.5625000000000004e-01   1.9625098999999999e-01   9.7549081000000004e-01   6.5837842999999996e-01   2.4098692999999999e-01
   9.6250000000000002e-01   1.9624979000000001e-01   9.7484389999999999e-01   6.5989096999999997e-01   2.4092551000000001e-01
   9.6875000000000000e-01   1.9624868000000001e-01   9.7418883000000001e-01   6.6140171999999997e-01   2.4086731000000000e-01
   9.7499999999999998e-01   1.9624871999999999e-01   9.7352316999999999e-01   6.6291383999999998e-01   2.4080455000000001e-01
   9.8124999999999996e-01   1.9624860999999999e-01   9.7285306000000005e-01   6.6442551000000005e-01   2.4074295000000001e-01
   9.8750000000000004e-01   1.9624733000000000e-01   9.7217268000000001e-01   6.6593557000000003e-01   2.4067383000000001e-01
   9.9375000000000002e-01   1.9624880000000000e-01   9.7148668000000005e-01   6.6744473000000004e-01   2.4059673000000001e-01
   1.0000000000000000e+00   1.9625504999999999e-01   9.7080758000000000e-01   6.6895307000000004e-01   2.4049632000000001e-01
   1.0062500000000001e+00   1.9625513000000000e-01   9.7012631999999999e-01   6.7045728000000004e-01   2.4040305000000001e-01
   1.0125000000000000e+00   1.9625555000000000e-01   9.6944669000000006e-01   6.7195751999999997e-01   2.4031006999999999e-01
   1.0187500000000000e+00   1.9625643000000001e-01   9.6875663000000001e-01   6.7345717000000005e-01   2.4020016000000000e-01
   1.0249999999999999e+00   1.9625535999999999e-01   9.6805867999999995e-01   6.7495466000000004e-01   2.4008424000000000e-01
   1.0312500000000000e+00   1.9625660000000000e-01   9.6736027999999996e-01   6.7645197999999995e-01   2.3995199000000000e-01
   1.0375000000000001e+00   1.9625280000000001e-01   9.6664088000000004e-01   6.7795108999999998e-01   2.3977475000000001e-01
   1.0437500000000000e+00   1.9625154000000000e-01   9.6591813000000004e-01   6.7944943000000002e-01   2.3956446000000001e-01
   1.0500000000000000e+00   1.9625098999999999e-01   9.6519093000000000e-01   6.8094748000000005e-01   2.3936421999999999e-01
   1.0562499999999999e+00   1.9625079000000001e-01   9.6446262000000005e-01   6.8244534000000001e-01   2.3917104000000000e-01
   1.0625000000000000e+00   1.9625280000000001e-01   9.6373396000000000e-01   6.8394509000000003e-01   2.3897910000000000e-01
   1.0687500000000001e+00   1.9625022000000000e-01   9.6299435000000000e-01   6.8544358000000005e-01   2.3878769000000000e-01
   1.0750000000000000e+00   1.9625434000000000e-01   9.6225793000000004e-01   6.8694221000000000e-01   2.3858804000000000e-01
   1.0812500000000000e+00   1.9625799999999999e-01   9.6152338999999998e-01   6.8843781000000004e-01   2.3839339000000001e-01
   1.0874999999999999e+00   1.9625777999999999e-01   9.6078538999999996e-01   6.8992958999999998e-01   2.3821603000000000e-01
   1.0937500000000000e+00   1.9625871000000000e-01   9.6004776999999997e-01   6.9142060999999999e-01   2.3802723000000001e-01
   1.1000000000000001e+00   1.9625782000000000e-01   9.5930342000000002e-01   6.9290914000000003e-01   2.3784226999999999e-01
   1.1062500000000000e+00   1.9625641999999999e-01   9.5855740000000000e-01   6.9439607000000003e-01   2.3764822999999999e-01
   1.1125000000000000e+00   1.9625574000000001e-01   9.5781680999999996e-01   6.9588015999999997e-01   2.3745594000000000e-01
   1.1187499999999999e+00   1.9625379000000001e-01   9.5707750000000003e-01   6.9736555000000000e-01   2.3723332999999999e-01
   1.1250000000000000e+00   1.9625189000000001e-01   9.5633234000000000e-01   6.9885143999999999e-01   2.3696324999999999e-01
   1.1312500000000001e+00   1.9625039000000000e-01   9.5558989999999999e-01   7.0033327000000001e-01   2.3669454000000001e-01
   1.1375000000000000e+00   1.9625065999999999e-01   9.5484086000000001e-01   7.0181578000000000e-01   2.3641866000000000e-01
   1.1437500000000000e+00   1.9624546000000001e-01   9.5408510999999996e-01   7.0329394999999995e-01   2.3616258000000001e-01
   1.1499999999999999e+00   1.9624716000000000e-01   9.5333385000000004e-01   7.0477126000000001e-01   2.3589942000000000e-01
   1.1562500000000000e+00   1.9624601000000000e-01   9.5257897999999996e-01   7.0624513000000000e-01   2.3564101000000001e-01
   1.1625000000000001e+00   1.9624475000000000e-01   9.5182549999999999e-01   7.0771728000000000e-01   2.3537351000000001e-01
   1.1687500000000000e+00   1.9624764000000000e-01   9.5108185999999995e-01   7.0918588999999999e-01   2.3511244000000001e-01
   1.1750000000000000e+00   1.9625071999999999e-01   9.5034059999999998e-01   7.1065392000000005e-01   2.3485390000000000e-01
   1.1812499999999999e+00   1.9625323000000000e-01   9.4960489000000003e-01   7.1212218000000005e-01   2.3459753000000000e-01
   1.1875000000000000e+00   1.9625185000000001e-01   9.4886877999999997e-01   7.1358935999999995e-01   2.3435022000000000e-01
   1.1937500000000001e+00   1.9625391000000000e-01   9.4813771000000002e-01   7.1505748999999996e-01   2.3409513000000001e-01
   1.2000000000000000e+00   1.9625397999999999e-01   9.4740939000000002e-01   7.1652499999999997e-01   2.3382807999999999e-01
   1.2062500000000000e+00   1.9624884000000001e-01   9.4667999999999997e-01   7.1799226999999999e-01   2.3356890000000000e-01
   1.2124999999999999e+00   1.9624770999999999e-01   9.4596035999999994e-01   7.1945917000000004e-01   2.3329274999999999e-01
   1.2187500000000000e+00   1.9624709000000001e-01   9.4525239000000005e-01   7.2092316999999995e-01   2.3303267000000000e-01
   1.2250000000000001e+00   1.9624359999999999e-01   9.4453474999999998e-01   7.2238488000000001e-01   2.3277004000000001e-01
   1.2312500000000000e+00   1.9624533999999999e-01   9.4383413999999999e-01   7.2384413000000003e-01   2.3249797000000000e-01
   1.2375000000000000e+00   1.9624370999999999e-01   9.4312350000000000e-01   7.2530132000000003e-01   2.3220980999999999e-01
   1.2437499999999999e+00   1.9624568000000001e-01   9.4242051999999998e-01   7.2675677000000005e-01   2.3190616999999999e-01
   1.2500000000000000e+00   1.9624283000000001e-01   9.4171336999999999e-01   7.2820914999999997e-01   2.3161667000000000e-01
   1.2562500000000001e+00   1.9624554999999999e-01   9.4101372999999999e-01   7.2965679999999999e-01   2.3131952000000000e-01
   1.2625000000000000e+00   1.9624680000000000e-01   9.4031060000000000e-01   7.3110173000000001e-01   2.3100367999999999e-01
   1.2687500000000000e+00   1.9624854000000000e-01   9.3961618000000002e-01   7.3254370999999996e-01   2.3069560000000000e-01
   1.2749999999999999e+00   1.9624746000000001e-01   9.3892843000000004e-01   7.3398182000000001e-01   2.3041260999999999e-01
   1.2812500000000000e+00   1.9624753000000000e-01   9.3824689999999999e-01   7.3541791000000001e-01   2.3013148000000000e-01
   1.2875000000000001e+00   1.9624978000000001e-01   9.3757369000000002e-01   7.3685259999999997e-01   2.2985448000000000e-01
   1.2937500000000000e+00   1.9625211000000001e-01   9.3689937999999995e-01   7.3828729999999998e-01   2.2955373000000001e-01
   1.3000000000000000e+00   1.9625255999999999e-01   9.3622850999999996e-01   7.3972371999999997e-01   2.2923838999999999e-01
   1.3062499999999999e+00   1.9625387999999999e-01   9.3556212000000005e-01   7.4116022000000004e-01   2.2891301999999999e-01
   1.3125000000000000e+00   1.9625596000000001e-01   9.3490399999999996e-01   7.4259436000000001e-01   2.2860282000000001e-01
   1.3187500000000001e+00   1.9625664000000001e-01   9.3423822000000001e-01   7.4402849000000004e-01   2.2827278000000001e-01
   1.3250000000000000e+00   1.9625846999999999e-01   9.3359062999999998e-01   7.4546003999999999e-01   2.2794924999999999e-01
   1.3312500000000000e+00   1.9625728000000001e-01   9.3292945999999999e-01   7.4688991999999998e-01   2.2762162999999999e-01
   1.3374999999999999e+00   1.9625456999999999e-01   9.3226889000000002e-01   7.4831603000000002e-01   2.2730234999999999e-01
   1.3437500000000000e+00   1.9625401000000001e-01   9.3160748999999998e-01   7.4973953000000004e-01   2.2698146000000000e-01
   1.3500000000000001e+00   1.9625681000000000e-01   9.3095161999999998e-01   7.5115900000000002e-01   2.2665879000000000e-01
   1.3562500000000000e+00   1.9625559000000001e-01   9.3029026999999997e-01   7.5257373999999999e-01   2.2633468000000001e-01
   1.3625000000000000e+00   1.9625777000000000e-01   9.2963799000000003e-01   7.5398608000000000e-01   2.2600065999999999e-01
   1.3687499999999999e+00   1.9625639000000000e-01   9.2899025999999996e-01   7.5539367999999996e-01   2.2568829000000001e-01
   1.3750000000000000e+00   1.9625423000000000e-01   9.2834561999999998e-01   7.5679823000000002e-01   2.2538335000000001e-01
   1.3812500000000001e+00   1.9625624000000000e-01   9.2772041000000005e-01   7.5820145999999999e-01   2.2507794000000000e-01
   1.3875000000000000e+00   1.9625429999999999e-01   9.2710037999999995e-01   7.5960276000000004e-01   2.2476876000000001e-01
   1.3937500000000000e+00   1.9625434999999999e-01   9.2649594999999996e-01   7.6100477000000000e-01   2.2445260000000000e-01
   1.3999999999999999e+00   1.9625350999999999e-01   9.2590296000000005e-01   7.6240436000000000e-01   2.2413827000000000e-01
   1.4062500000000000e+00   1.9625513999999999e-01   9.2532835999999996e-01   7.6380044999999996e-01   2.2384193999999999e-01
   1.4125000000000001e+00   1.9625413000000000e-01   9.2475183000000005e-01   7.6519714999999999e-01   2.2354160000000001e-01
   1.4187500000000000e+00   1.9625397999999999e-01   9.2417777999999995e-01   7.6659469000000002e-01   2.2321336999999999e-01
   1.4250000000000000e+00   1.9625466000000000e-01   9.2361203999999997e-01   7.6799163000000004e-01   2.2288162000000000e-01
   1.4312499999999999e+00   1.9625448000000001e-01   9.2304691999999999e-01   7.6938746999999996e-01   2.2255357000000001e-01
   1.4375000000000000e+00   1.9625600000000001e-01   9.2249174000000000e-01   7.7078391000000002e-01   2.2222952000000001e-01
   1.4437500000000001e+00   1.9625503999999999e-01   9.2194419999999999e-01   7.7218007000000000e-01   2.2191881999999999e-01
   1.4500000000000000e+00   1.9625812000000001e-01   9.2141315999999995e-01   7.7357054999999997e-01   2.2162930000000000e-01
   1.4562500000000000e+00   1.9625588999999999e-01   9.2088274000000003e-01   7.7495652999999998e-01   2.2133828999999999e-01
   1.4624999999999999e+00   1.9625681000000000e-01   9.2036574000000004e-01   7.7634031000000003e-01   2.2104629000000001e-01
   1.4687500000000000e+00   1.9625716000000001e-01   9.1985910999999998e-01   7.7772079000000005e-01   2.2076244000000000e-01
   1.4750000000000001e+00   1.9625635999999999e-01   9.1936269999999998e-01   7.7909786999999997e-01   2.2047976999999999e-01
   1.4812500000000000e+00   1.9625402000000000e-01   9.1885095999999999e-01   7.8047387999999995e-01   2.2016073000000000e-01
   1.4875000000000000e+00   1.9625202999999999e-01   9.1835496000000005e-01   7.8184701000000001e-01   2.1982360000000001e-01
   1.4937499999999999e+00   1.9624912999999999e-01   9.1786902000000004e-01   7.8321766000000004e-01   2.1948537000000001e-01
   1.5000000000000000e+00   1.9624805000000001e-01   9.1737605000000000e-01   7.8458671000000002e-01   2.1911752000000001e-01
   1.5062500000000001e+00   1.9624958000000001e-01   9.1689377999999999e-01   7.8595431999999998e-01   2.1874490999999999e-01
   1.5125000000000000e+00   1.9624802000000000e-01   9.1641337000000000e-01   7.8731983999999999e-01   2.1838809000000001e-01
   1.5187500000000000e+00   1.9624512000000000e-01   9.1593932000000000e-01   7.8868413000000004e-01   2.1805137999999999e-01
   1.5249999999999999e+00   1.9624536000000001e-01   9.1547520000000004e-01   7.9004929000000002e-01   2.1771719000000000e-01
   1.5312500000000000e+00   1.9624195999999999e-01   9.1502086999999999e-01   7.9141300999999997e-01   2.1740988999999999e-01
   1.5375000000000001e+00   1.9624299000000001e-01   9.1458085000000000e-01   7.9277699000000001e-01   2.1710989000000000e-01
   1.5437500000000000e+00   1.9624361000000001e-01   9.1415433000000001e-01   7.9414061999999996e-01   2.1681997000000000e-01
   1.5500000000000000e+00   1.9624817999999999e-01   9.1374778999999995e-01   7.9550164999999995e-01   2.1652379999999999e-01
   1.5562499999999999e+00   1.9624873000000001e-01   9.1335991999999999e-01   7.9685859000000003e-01   2.1625304000000001e-01
   1.5625000000000000e+00   1.9625011000000001e-01   9.1299205000000005e-01   7.9821505000000004e-01   2.1600480999999999e-01
   1.5687500000000001e+00   1.9625282999999999e-01   9.1264352999999998e-01   7.9957155999999996e-01   2.1573854000000001e-01
   1.5750000000000000e+00   1.9625307000000000e-01   9.1230443999999999e-01   8.0092328000000002e-01   2.1547432999999999e-01
   1.5812500000000000e+00   1.9625052000000001e-01   9.1195347999999998e-01   8.0227172000000002e-01   2.1521828000000001e-01
   1.5874999999999999e+00   1.9625050999999999e-01   9.1162418000000001e-01   8.0361908999999998e-01   2.1495367000000001e-01
   1.5937500000000000e+00   1.9624633000000000e-01   9.1129850000000001e-01   8.0496456000000005e-01   2.1468503999999999e-01
   1.6000000000000001e+00   1.9624717999999999e-01   9.1098409000000002e-01   8.0630780999999996e-01   2.1439425000000001e-01
   1.6062500000000000e+00   1.9624665999999999e-01   9.1066309000000001e-01   8.0764758999999997e-01   2.1408903000000001e-01
   1.6125000000000000e+00   1.9624747000000001e-01   9.1035279999999996e-01   8.0898484000000004e-01   2.1378606000000000e-01
   1.6187499999999999e+00   1.9624616000000000e-01   9.1004770000000001e-01   8.1032011999999998e-01   2.1349645000000000e-01
   1.6250000000000000e+00   1.9624557000000001e-01   9.0974593999999998e-01   8.1165509999999996e-01   2.1321285000000001e-01
   1.6312500000000001e+00   1.9624695000000000e-01   9.0945790999999998e-01   8.1298945000000000e-01   2.1293006000000000e-01
   1.6375000000000000e+00   1.9624499000000001e-01   9.0916271999999998e-01   8.1432238999999995e-01   2.1262606000000001e-01
   1.6437500000000000e+00   1.9624755999999999e-01   9.0888634000000001e-01   8.1565175000000001e-01   2.1232395000000001e-01
   1.6499999999999999e+00   1.9625065000000000e-01   9.0859319000000005e-01   8.1697947000000004e-01   2.1200569999999999e-01
   1.6562500000000000e+00   1.9625235999999999e-01   9.0831205999999998e-01   8.1830210000000003e-01   2.1171576000000000e-01
   1.6625000000000001e+00   1.9625524000000000e-01   9.0803411999999994e-01   8.1962429999999997e-01   2.1141338000000001e-01
   1.6687500000000000e+00   1.9625574000000001e-01   9.0776380999999995e-01   8.2094449000000003e-01   2.1113793000000000e-01
   1.6750000000000000e+00   1.9625682000000000e-01   9.0750260000000005e-01   8.2226248999999996e-01   2.1087719999999999e-01
   1.6812499999999999e+00   1.9625669000000001e-01   9.0724649999999996e-01   8.2357868000000001e-01   2.1061774000000000e-01
   1.6875000000000000e+00   1.9626025000000000e-01   9.0700152000000001e-01   8.2489471999999997e-01   2.1036114000000000e-01
   1.6937500000000001e+00   1.9625991000000001e-01   9.0676011000000001e-01   8.2621195999999997e-01   2.1009264000000000e-01
   1.7000000000000000e+00   1.9625823000000001e-01   9.0653253000000000e-01   8.2752736999999998e-01   2.0982086000000000e-01
   1.7062500000000000e+00   1.9625756999999999e-01   9.0629780000000004e-01   8.2883963999999999e-01   2.0951533999999999e-01
   1.7124999999999999e+00   1.9625617000000001e-01   9.0605464000000002e-01   8.3014975999999996e-01   2.0920541000000001e-01
   1.7187500000000000e+00   1.9625326000000001e-01   9.0580843000000000e-01   8.3145519000000001e-01   2.0890486000000000e-01
   1.7250000000000001e+00   1.9625458000000001e-01   9.0556557000000004e-01   8.3275927999999999e-01   2.0859664000000000e-01
   1.7312500000000000e+00   1.9625312000000000e-01   9.0532221999999996e-01   8.3406150999999995e-01   2.0830217000000001e-01
   1.7375000000000000e+00   1.9625161999999999e-01   9.0508054999999998e-01   8.3536115000000000e-01   2.0801876999999999e-01
   1.7437499999999999e+00   1.9625227000000001e-01   9.0484445000000002e-01   8.3665734999999997e-01   2.0774318999999999e-01
   1.7500000000000000e+00   1.9625247000000001e-01   9.0461230999999998e-01   8.3795403999999996e-01   2.0744108999999999e-01
   1.7562500000000001e+00   1.9625677999999999e-01   9.0440007000000000e-01   8.3924869000000002e-01   2.0713698000000000e-01
   1.7625000000000000e+00   1.9625664000000001e-01   9.0420323000000002e-01   8.4054072000000002e-01   2.0687410000000001e-01
   1.7687500000000000e+00   1.9625797000000000e-01   9.0402554999999996e-01   8.4182911000000005e-01   2.0664167000000000e-01
   1.7749999999999999e+00   1.9625860000000001e-01   9.0385082999999999e-01   8.4311656000000001e-01   2.0639544000000001e-01
   1.7812500000000000e+00   1.9625956000000000e-01   9.0368515000000005e-01   8.4439991000000003e-01   2.0614178000000000e-01
   1.7875000000000001e+00   1.9626022000000001e-01   9.0351519999999996e-01   8.4568396999999995e-01   2.0587797999999999e-01
   1.7937500000000000e+00   1.9626024000000000e-01   9.0335909000000003e-01   8.4696563999999996e-01   2.0562828000000000e-01
   1.8000000000000000e+00   1.9626184999999999e-01   9.0320800999999995e-01   8.4824697999999998e-01   2.0537870999999999e-01
   1.8062499999999999e+00   1.9626025000000000e-01   9.0306156999999998e-01   8.4952813000000005e-01   2.0513639000000000e-01
   1.8125000000000000e+00   1.9626098000000000e-01   9.0292488999999998e-01   8.5080979000000001e-01   2.0487243999999999e-01
   1.8187500000000001e+00   1.9626018000000001e-01   9.0280486999999998e-01   8.5209245000000000e-01   2.0463582000000000e-01
   1.8250000000000000e+00   1.9625909000000000e-01   9.0269907000000005e-01   8.5337412999999995e-01   2.0441955000000001e-01
   1.8312500000000000e+00   1.9625885000000001e-01   9.0260808000000003e-01   8.5465139000000001e-01   2.0421840999999999e-01
   1.8374999999999999e+00   1.9625682000000000e-01   9.0251276999999996e-01   8.5592802999999995e-01   2.0399955000000000e-01
   1.8437500000000000e+00   1.9625699999999999e-01   9.0244075000000001e-01   8.5720130000000005e-01   2.0378086000000001e-01
   1.8500000000000001e+00   1.9625533000000001e-01   9.0235493000000000e-01   8.5847311999999998e-01   2.0354868000000001e-01
   1.8562500000000000e+00   1.9625639000000000e-01   9.0229035000000002e-01   8.5974401000000000e-01   2.0332596999999999e-01
   1.8625000000000000e+00   1.9625571999999999e-01   9.0223465000000003e-01   8.6101218999999996e-01   2.0313028000000000e-01
   1.8687499999999999e+00   1.9625698999999999e-01   9.0218754000000001e-01   8.6227682999999999e-01   2.0292384999999999e-01
   1.8750000000000000e+00   1.9626051999999999e-01   9.0215752999999999e-01   8.6353848000000000e-01   2.0272650000000000e-01
   1.8812500000000001e+00   1.9625931999999999e-01   9.0211852000000003e-01   8.6480117999999995e-01   2.0250578999999999e-01
   1.8875000000000000e+00   1.9625965000000001e-01   9.0209963999999998e-01   8.6606344000000002e-01   2.0227186000000000e-01
   1.8937500000000000e+00   1.9625857999999999e-01   9.0207797000000001e-01   8.6732301000000001e-01   2.0205946000000000e-01
   1.8999999999999999e+00   1.9626145000000000e-01   9.0207448999999995e-01   8.6858005000000005e-01   2.0184974999999999e-01
   1.9062500000000000e+00   1.9626239000000001e-01   9.0205493000000003e-01   8.6983597000000001e-01   2.0162968000000001e-01
   1.9125000000000001e+00   1.9625941999999999e-01   9.0204786999999997e-01   8.7109055999999996e-01   2.0144349000000000e-01
   1.9187500000000000e+00   1.9625891000000001e-01   9.0205234999999995e-01   8.7234617000000003e-01   2.0124698999999999e-01
   1.9250000000000000e+00   1.9625894999999999e-01   9.0206215000000001e-01   8.7360117999999998e-01   2.0102956999999999e-01
   1.9312499999999999e+00   1.9625829000000000e-01   9.0207660000000001e-01   8.7485601000000002e-01   2.0082980000000000e-01
   1.9375000000000000e+00   1.9625728000000001e-01   9.0209545000000002e-01   8.7611030999999995e-01   2.0065488000000001e-01
   1.9437500000000001e+00   1.9626251000000000e-01   9.0213332000000002e-01   8.7736349000000002e-01   2.0047659000000001e-01
   1.9500000000000000e+00   1.9625925999999999e-01   9.0213661999999994e-01   8.7861971999999999e-01   2.0026234000000001e-01
   1.9562500000000000e+00   1.9625672999999999e-01   9.0217451999999998e-01   8.7987298000000003e-01   2.0006409000000000e-01
   1.9624999999999999e+00   1.9625405000000001e-01   9.0220339999999999e-01   8.8112466000000000e-01   1.9986814000000000e-01
   1.9687500000000000e+00   1.9625535000000000e-01   9.0223935000000000e-01   8.8237297000000003e-01   1.9968449999999999e-01
   1.9750000000000001e+00   1.9625423000000000e-01   9.0227930999999995e-01   8.8362046000000005e-01   1.9948929000000001e-01
   1.9812500000000000e+00   1.9625522000000001e-01   9.0232780000000001e-01   8.8486496999999997e-01   1.9931380000000001e-01
   1.9875000000000000e+00   1.9625733000000001e-01   9.0238547000000002e-01   8.8610633999999999e-01   1.9915041000000000e-01
   1.9937499999999999e+00   1.9625759000000001e-01   9.0244521000000000e-01   8.8734594000000000e-01   1.9899180999999999e-01
   2.0000000000000000e+00   1.9625893000000000e-01   9.0251024000000002e-01   8.8858468000000002e-01   1.9883103999999999e-01
   2.0062500000000001e+00   1.9626293000000000e-01   9.0258611000000000e-01   8.8982086000000005e-01   1.9866747000000001e-01
   2.0125000000000002e+00   1.9626182000000000e-01   9.0264986000000003e-01   8.9105710000000005e-01   1.9847695000000001e-01
   2.0187499999999998e+00   1.9626061000000000e-01   9.0272489000000000e-01   8.9229407999999999e-01   1.9828014999999999e-01
   2.0249999999999999e+00   1.9625938000000001e-01   9.0280790000000000e-01   8.9352830999999999e-01   1.9810757000000001e-01
   2.0312500000000000e+00   1.9625977000000000e-01   9.0289816000000001e-01   8.9476241999999995e-01   1.9793717999999999e-01
   2.0375000000000001e+00   1.9625804999999999e-01   9.0299494999999996e-01   8.9599594000000005e-01   1.9777558000000001e-01
   2.0437500000000002e+00   1.9625656999999999e-01   9.0309256999999998e-01   8.9722837000000000e-01   1.9761485000000001e-01
   2.0499999999999998e+00   1.9625861999999999e-01   9.0319189000000000e-01   8.9846108999999996e-01   1.9744941999999999e-01
   2.0562499999999999e+00   1.9625736999999999e-01   9.0328626999999995e-01   8.9969270000000001e-01   1.9729515000000000e-01
   2.0625000000000000e+00   1.9625808000000000e-01   9.0339581999999996e-01   9.0092364999999996e-01   1.9714076000000000e-01
   2.0687500000000001e+00   1.9625699999999999e-01   9.0348645999999999e-01   9.0215504999999996e-01   1.9697719000000000e-01
   2.0750000000000002e+00   1.9625326000000001e-01   9.0358508000000004e-01   9.0338821999999996e-01   1.9681137000000001e-01
   2.0812499999999998e+00   1.9625375000000000e-01   9.0369909999999998e-01   9.0462260999999999e-01   1.9664524999999999e-01
   2.0874999999999999e+00   1.9625244000000000e-01   9.0380755999999995e-01   9.0585488000000003e-01   1.9648412000000001e-01
   2.0937500000000000e+00   1.9625343000000001e-01   9.0391684000000005e-01   9.0708478000000003e-01   1.9634340000000000e-01
   2.1000000000000001e+00   1.9625401000000001e-01   9.0402764999999996e-01   9.0831145999999996e-01   1.9622222000000000e-01
   2.1062500000000002e+00   1.9625717000000001e-01   9.0414402000000005e-01   9.0953523999999997e-01   1.9609214999999999e-01
   2.1124999999999998e+00   1.9625733000000001e-01   9.0426656999999999e-01   9.1075837000000004e-01   1.9596268999999999e-01
   2.1187499999999999e+00   1.9626220999999999e-01   9.0439875000000003e-01   9.1197777999999996e-01   1.9584097000000000e-01
   2.1250000000000000e+00   1.9625830000000000e-01   9.0451921999999996e-01   9.1319733000000003e-01   1.9571158000000000e-01
   2.1312500000000001e+00   1.9625719000000000e-01   9.0465037999999998e-01   9.1441662999999995e-01   1.9557210999999999e-01
   2.1375000000000002e+00   1.9625698999999999e-01   9.0479668999999996e-01   9.1563552000000004e-01   1.9543348999999999e-01
   2.1437499999999998e+00   1.9625756000000000e-01   9.0493975000000004e-01   9.1685393999999998e-01   1.9529046000000000e-01
   2.1499999999999999e+00   1.9625897000000000e-01   9.0508197000000001e-01   9.1807212000000005e-01   1.9515073999999999e-01
   2.1562500000000000e+00   1.9625834000000000e-01   9.0522194000000000e-01   9.1928832999999999e-01   1.9503745000000000e-01
   2.1625000000000001e+00   1.9625906000000001e-01   9.0536057999999997e-01   9.2050213999999997e-01   1.9494307999999999e-01
   2.1687500000000002e+00   1.9625822000000001e-01   9.0549093999999997e-01   9.2171685999999997e-01   1.9483576999999999e-01
   2.1749999999999998e+00   1.9625909999999999e-01   9.0564259999999996e-01   9.2292894000000003e-01   1.9473362999999999e-01
   2.1812499999999999e+00   1.9625693999999999e-01   9.0577423000000001e-01   9.2414408999999997e-01   1.9460575999999999e-01
   2.1875000000000000e+00   1.9625195000000001e-01   9.0593182000000005e-01   9.2535869999999998e-01   1.9448304000000000e-01
   2.1937500000000001e+00   1.9625354000000000e-01   9.0609673999999996e-01   9.2657372999999998e-01   1.9436017999999999e-01
   2.2000000000000002e+00   1.9625369000000001e-01   9.0625042000000000e-01   9.2778901999999996e-01   1.9423914000000000e-01
   2.2062499999999998e+00   1.9625355000000000e-01   9.0639745000000005e-01   9.2900461000000001e-01   1.9412818000000001e-01
   2.2124999999999999e+00   1.9625432000000001e-01   9.0654170999999995e-01   9.3022095999999999e-01   1.9402841000000001e-01
   2.2187500000000000e+00   1.9625486000000000e-01   9.0668106000000004e-01   9.3143681000000000e-01   1.9393133000000001e-01
   2.2250000000000001e+00   1.9625344000000000e-01   9.0682286000000001e-01   9.3265070999999999e-01   1.9385852000000001e-01
   2.2312500000000002e+00   1.9625506000000001e-01   9.0697218999999996e-01   9.3386269000000000e-01   1.9378772000000000e-01
   2.2374999999999998e+00   1.9625683999999999e-01   9.0712515000000005e-01   9.3507209999999996e-01   1.9369528999999999e-01
   2.2437499999999999e+00   1.9625777000000000e-01   9.0729234999999997e-01   9.3628062999999995e-01   1.9360347000000000e-01
   2.2500000000000000e+00   1.9625683999999999e-01   9.0746534999999995e-01   9.3748816000000001e-01   1.9351271000000000e-01
   2.2562500000000001e+00   1.9625722000000001e-01   9.0763510000000003e-01   9.3869438000000005e-01   1.9342852999999999e-01
   2.2625000000000002e+00   1.9625823000000001e-01   9.0780174999999996e-01   9.3990030000000002e-01   1.9334613000000000e-01
   2.2687499999999998e+00   1.9625770000000001e-01   9.0796215000000002e-01   9.4110468999999997e-01   1.9327818999999999e-01
   2.2749999999999999e+00   1.9625996000000001e-01   9.0812757000000000e-01   9.4230897000000002e-01   1.9320761000000000e-01
   2.2812500000000000e+00   1.9626349000000001e-01   9.0829515000000005e-01   9.4351269000000004e-01   1.9313194000000000e-01
   2.2875000000000001e+00   1.9625772000000000e-01   9.0845052999999998e-01   9.4471558000000000e-01   1.9306826999999999e-01
   2.2937500000000002e+00   1.9625553000000001e-01   9.0862087000000002e-01   9.4591864999999997e-01   1.9299500000000000e-01
   2.2999999999999998e+00   1.9625579000000001e-01   9.0879423000000004e-01   9.4712096000000001e-01   1.9293138000000001e-01
   2.3062499999999999e+00   1.9625576000000000e-01   9.0896690000000002e-01   9.4832351000000004e-01   1.9286545999999999e-01
   2.3125000000000000e+00   1.9625614000000000e-01   9.0913575000000002e-01   9.4952674999999997e-01   1.9279012000000001e-01
   2.3187500000000001e+00   1.9625419000000000e-01   9.0929804999999997e-01   9.5072844999999995e-01   1.9272687999999999e-01
   2.3250000000000002e+00   1.9625524999999999e-01   9.0946079999999996e-01   9.5193110999999997e-01   1.9266997000000000e-01
   2.3312499999999998e+00   1.9625640000000000e-01   9.0961853999999998e-01   9.5313400000000004e-01   1.9260716000000000e-01
   2.3374999999999999e+00   1.9625395000000001e-01   9.0977823000000002e-01   9.5433760000000001e-01   1.9253881000000000e-01
   2.3437500000000000e+00   1.9625517000000001e-01   9.0994525000000004e-01   9.5554278999999998e-01   1.9247659000000000e-01
   2.3500000000000001e+00   1.9625326000000001e-01   9.1011624000000002e-01   9.5675047999999996e-01   1.9240741000000000e-01
   2.3562500000000002e+00   1.9625197999999999e-01   9.1028916000000004e-01   9.5795607000000005e-01   1.9236617000000000e-01
   2.3624999999999998e+00   1.9625343000000001e-01   9.1045794999999996e-01   9.5916087999999999e-01   1.9233106999999999e-01
   2.3687499999999999e+00   1.9625390000000001e-01   9.1061976000000000e-01   9.6036524999999995e-01   1.9229630000000000e-01
   2.3750000000000000e+00   1.9625603999999999e-01   9.1078060000000005e-01   9.6156750999999996e-01   1.9226762000000000e-01
   2.3812500000000001e+00   1.9626029000000000e-01   9.1094191000000002e-01   9.6276786000000003e-01   1.9223604999999999e-01
   2.3875000000000002e+00   1.9626117000000001e-01   9.1111852999999998e-01   9.6396568000000005e-01   1.9220678999999999e-01
   2.3937499999999998e+00   1.9626008000000000e-01   9.1127100999999999e-01   9.6516387000000003e-01   1.9216403000000001e-01
   2.3999999999999999e+00   1.9625755000000000e-01   9.1144016000000005e-01   9.6636109000000003e-01   1.9212086000000000e-01
   2.4062500000000000e+00   1.9625714000000000e-01   9.1161285000000003e-01   9.6755985000000000e-01   1.9207729000000001e-01
   2.4125000000000001e+00   1.9625782999999999e-01   9.1178674000000004e-01   9.6875844000000000e-01   1.9204192000000000e-01
   2.4187500000000002e+00   1.9625761999999999e-01   9.1195660999999995e-01   9.6995536999999998e-01   1.9202192000000001e-01
   2.4249999999999998e+00   1.9625640999999999e-01   9.1211635000000002e-01   9.7115145999999997e-01   1.9200258000000001e-01
   2.4312499999999999e+00   1.9625711000000001e-01   9.1227530999999995e-01   9.7234823000000004e-01   1.9198953999999999e-01
   2.4375000000000000e+00   1.9625849000000001e-01   9.1243472000000003e-01   9.7354388999999997e-01   1.9198029999999999e-01
   2.4437500000000001e+00   1.9625867999999999e-01   9.1258938000000001e-01   9.7473916999999999e-01   1.9196221999999999e-01
   2.4500000000000002e+00   1.9625412000000000e-01   9.1274884000000001e-01   9.7593593999999995e-01   1.9193263999999999e-01
   2.4562499999999998e+00   1.9625595000000001e-01   9.1291180999999999e-01   9.7713203000000004e-01   1.9189514999999999e-01
   2.4624999999999999e+00   1.9625229000000000e-01   9.1306710999999996e-01   9.7832967999999998e-01   1.9186934000000000e-01
   2.4687500000000000e+00   1.9625348000000001e-01   9.1322806999999995e-01   9.7952808000000002e-01   1.9184456999999999e-01
   2.4750000000000001e+00   1.9625466999999999e-01   9.1338821000000003e-01   9.8072846000000002e-01   1.9182758000000000e-01
   2.4812500000000002e+00   1.9625598999999999e-01   9.1353870999999998e-01   9.8192999999999997e-01   1.9181123000000000e-01
   2.4874999999999998e+00   1.9625540999999999e-01   9.1368687999999998e-01   9.8313097999999999e-01   1.9181409999999999e-01
   2.4937499999999999e+00   1.9625889999999999e-01   9.1384025999999996e-01   9.8433015999999995e-01   1.9182737000000000e-01
   2.5000000000000000e+00   1.9625688999999999e-01   9.1397311000000003e-01   9.8553124999999997e-01   1.9182752000000000e-01
   2.5062500000000001e+00   1.9625947999999999e-01   9.1412031000000005e-01   9.8673157000000000e-01   1.9181553000000001e-01
   2.5125000000000002e+00   1.9625724999999999e-01   9.1426178000000002e-01   9.8793204000000001e-01   1.9180622999999999e-01
   2.5187499999999998e+00   1.9625756000000000e-01   9.1440652000000000e-01   9.8913094000000001e-01   1.9180100000000000e-01
   2.5249999999999999e+00   1.9625902000000001e-01   9.1455255999999996e-01   9.9032845999999997e-01   1.9179938999999999e-01
   2.5312500000000000e+00   1.9625898000000000e-01   9.1469807999999997e-01   9.9152446000000005e-01   1.9181176000000000e-01
   2.5375000000000001e+00   1.9625793000000000e-01   9.1483787999999999e-01   9.9272037000000002e-01   1.9182404000000000e-01
   2.5437500000000002e+00   1.9625954000000001e-01   9.1498299000000005e-01   9.9391609000000003e-01   1.9183446000000001e-01
   2.5499999999999998e+00   1.9625978999999999e-01   9.1512632999999999e-01   9.9511212000000004e-01   1.9183807999999999e-01
   2.5562499999999999e+00   1.9625693999999999e-01   9.1526861999999998e-01   9.9630710000000000e-01   1.9184892000000001e-01
   2.5625000000000000e+00   1.9625919000000000e-01   9.1541406999999997e-01   9.9750179999999999e-01   1.9185462000000000e-01
   2.5687500000000001e+00   1.9625745000000000e-01   9.1554654000000002e-01   9.9869750999999995e-01   1.9185258999999999e-01
   2.5750000000000002e+00   1.9625604999999999e-01   9.1568309999999997e-01   9.9989243999999999e-01   1.9186228000000000e-01
   2.5812499999999998e+00   1.9625442000000001e-01   9.1581345000000003e-01   1.0010870599999999e+00   1.9188305000000000e-01
   2.5874999999999999e+00   1.9625442000000001e-01   9.1594324000000005e-01   1.0022821200000001e+00   1.9190122000000001e-01
   2.5937500000000000e+00   1.9625409999999999e-01   9.1606878999999997e-01   1.0034777500000001e+00   1.9192138000000000e-01
   2.6000000000000001e+00   1.9625661999999999e-01   9.1619786000000003e-01   1.0046747700000001e+00   1.9193948999999999e-01
   2.6062500000000002e+00   1.9625740000000000e-01   9.1632696000000002e-01   1.0058739500000000e+00   1.9195509999999999e-01
   2.6124999999999998e+00   1.9625846000000000e-01   9.1645617999999995e-01   1.0070751800000000e+00   1.9196456000000001e-01
   2.6187499999999999e+00   1.9625777999999999e-01   9.1658141000000004e-01   1.0082764799999999e+00   1.9197791000000000e-01
   2.6250000000000000e+00   1.9625835000000000e-01   9.1670441000000003e-01   1.0094787900000000e+00   1.9199495000000000e-01
   2.6312500000000001e+00   1.9625772000000000e-01   9.1682019999999997e-01   1.0106819300000001e+00   1.9201125999999999e-01
   2.6375000000000002e+00   1.9625782999999999e-01   9.1693256000000001e-01   1.0118844499999999e+00   1.9203356999999999e-01
   2.6437499999999998e+00   1.9625746999999999e-01   9.1703992999999995e-01   1.0130869700000000e+00   1.9206623000000000e-01
   2.6499999999999999e+00   1.9625785000000001e-01   9.1714633999999995e-01   1.0142885600000000e+00   1.9210446000000000e-01
   2.6562500000000000e+00   1.9625999999999999e-01   9.1725873999999996e-01   1.0154882599999999e+00   1.9214113999999999e-01
   2.6625000000000001e+00   1.9625812000000001e-01   9.1736276000000005e-01   1.0166871500000001e+00   1.9216945999999999e-01
   2.6687500000000002e+00   1.9625714999999999e-01   9.1748428000000004e-01   1.0178853800000001e+00   1.9220092000000000e-01
   2.6749999999999998e+00   1.9626009000000000e-01   9.1760025999999995e-01   1.0190835499999999e+00   1.9221924000000001e-01
   2.6812499999999999e+00   1.9626051000000000e-01   9.1770666000000001e-01   1.0202821500000001e+00   1.9223467999999999e-01
   2.6875000000000000e+00   1.9625725999999999e-01   9.1780614000000005e-01   1.0214798700000001e+00   1.9225315000000001e-01
   2.6937500000000001e+00   1.9625756000000000e-01   9.1791045999999998e-01   1.0226777000000000e+00   1.9227737000000000e-01
   2.7000000000000002e+00   1.9625756000000000e-01   9.1800979999999999e-01   1.0238752900000001e+00   1.9230820000000001e-01
   2.7062499999999998e+00   1.9625735999999999e-01   9.1810725000000004e-01   1.0250719300000000e+00   1.9234971000000001e-01
   2.7124999999999999e+00   1.9625567999999999e-01   9.1819664999999995e-01   1.0262684900000001e+00   1.9238279999999999e-01
   2.7187500000000000e+00   1.9625540000000000e-01   9.1828622000000004e-01   1.0274670500000000e+00   1.9241016000000000e-01
   2.7250000000000001e+00   1.9625513000000000e-01   9.1837966000000004e-01   1.0286659800000000e+00   1.9244683000000001e-01
   2.7312500000000002e+00   1.9625591000000001e-01   9.1848152000000005e-01   1.0298663200000000e+00   1.9248011000000001e-01
   2.7374999999999998e+00   1.9625699999999999e-01   9.1857124000000001e-01   1.0310690300000001e+00   1.9249421000000000e-01
   2.7437499999999999e+00   1.9625965000000001e-01   9.1865750000000002e-01   1.0322738000000000e+00   1.9250440999999999e-01
   2.7500000000000000e+00   1.9625897000000000e-01   9.1873307000000004e-01   1.0334790100000000e+00   1.9253447000000001e-01
   2.7562500000000001e+00   1.9625966000000000e-01   9.1880804999999999e-01   1.0346851900000000e+00   1.9256751999999999e-01
   2.7625000000000002e+00   1.9626081000000001e-01   9.1888132000000000e-01   1.0358915700000000e+00   1.9260759000000000e-01
   2.7687499999999998e+00   1.9625934000000000e-01   9.1894860000000000e-01   1.0370979600000001e+00   1.9264856000000000e-01
   2.7749999999999999e+00   1.9625867999999999e-01   9.1901705000000000e-01   1.0383056900000001e+00   1.9268041999999999e-01
   2.7812500000000000e+00   1.9625697000000000e-01   9.1908654999999995e-01   1.0395120300000000e+00   1.9272732000000001e-01
   2.7875000000000001e+00   1.9625549000000000e-01   9.1915880000000005e-01   1.0407166800000001e+00   1.9278286000000000e-01
   2.7937500000000002e+00   1.9625714999999999e-01   9.1923467000000003e-01   1.0419203500000001e+00   1.9282534000000001e-01
   2.7999999999999998e+00   1.9626003000000000e-01   9.1930343000000003e-01   1.0431229600000000e+00   1.9285341000000000e-01
   2.8062499999999999e+00   1.9626029000000000e-01   9.1936828000000004e-01   1.0443255300000001e+00   1.9287694000000000e-01
   2.8125000000000000e+00   1.9625856999999999e-01   9.1942637999999999e-01   1.0455275600000000e+00   1.9290820000000000e-01
   2.8187500000000001e+00   1.9625930999999999e-01   9.1948529999999995e-01   1.0467282700000000e+00   1.9293899000000000e-01
   2.8250000000000002e+00   1.9625971000000000e-01   9.1953803999999995e-01   1.0479295500000001e+00   1.9297326000000001e-01
   2.8312499999999998e+00   1.9625608999999999e-01   9.1958538000000001e-01   1.0491307700000001e+00   1.9301407000000001e-01
   2.8374999999999999e+00   1.9625511000000001e-01   9.1963792000000000e-01   1.0503325200000000e+00   1.9304600000000000e-01
   2.8437500000000000e+00   1.9625382999999999e-01   9.1969279000000004e-01   1.0515340300000000e+00   1.9308695000000001e-01
   2.8500000000000001e+00   1.9625609999999999e-01   9.1974562000000004e-01   1.0527357100000001e+00   1.9313398000000001e-01
   2.8562500000000002e+00   1.9625577999999999e-01   9.1979588000000001e-01   1.0539391800000000e+00   1.9316918999999999e-01
   2.8624999999999998e+00   1.9625674000000001e-01   9.1984003000000003e-01   1.0551443400000000e+00   1.9319333000000000e-01
   2.8687499999999999e+00   1.9625866000000000e-01   9.1988267999999995e-01   1.0563511299999999e+00   1.9321885999999999e-01
   2.8750000000000000e+00   1.9625914999999999e-01   9.1991783999999999e-01   1.0575593800000000e+00   1.9325263000000001e-01
   2.8812500000000001e+00   1.9626139000000001e-01   9.1995397000000001e-01   1.0587691500000000e+00   1.9328222000000000e-01
   2.8875000000000002e+00   1.9626125999999999e-01   9.1998489000000006e-01   1.0599800600000000e+00   1.9331327000000001e-01
   2.8937499999999998e+00   1.9625880000000001e-01   9.2001394999999997e-01   1.0611919700000001e+00   1.9335213000000001e-01
   2.8999999999999999e+00   1.9625857999999999e-01   9.2005088000000002e-01   1.0624050400000000e+00   1.9338944000000000e-01
   2.9062500000000000e+00   1.9625780000000001e-01   9.2008462999999996e-01   1.0636173300000000e+00   1.9343717999999999e-01
   2.9125000000000001e+00   1.9625661999999999e-01   9.2011770999999998e-01   1.0648279700000001e+00   1.9349525000000001e-01
   2.9187500000000002e+00   1.9625743000000001e-01   9.2014704000000003e-01   1.0660383800000000e+00   1.9353771000000000e-01
   2.9249999999999998e+00   1.9625751000000000e-01   9.2016944000000001e-01   1.0672466000000000e+00   1.9357410000000000e-01
   2.9312499999999999e+00   1.9626004000000000e-01   9.2019499999999999e-01   1.0684539300000000e+00   1.9360751000000001e-01
   2.9375000000000000e+00   1.9626054000000001e-01   9.2021629000000005e-01   1.0696604000000001e+00   1.9363623999999999e-01
   2.9437500000000001e+00   1.9625919999999999e-01   9.2022894000000000e-01   1.0708667900000000e+00   1.9366200000000000e-01
   2.9500000000000002e+00   1.9625819000000000e-01   9.2024514999999996e-01   1.0720726199999999e+00   1.9369206999999999e-01
   2.9562499999999998e+00   1.9625600000000001e-01   9.2025376999999997e-01   1.0732786700000001e+00   1.9372391999999999e-01
   2.9624999999999999e+00   1.9625560000000000e-01   9.2026764999999999e-01   1.0744848600000001e+00   1.9375508000000000e-01
   2.9687500000000000e+00   1.9625577000000000e-01   9.2027988000000005e-01   1.0756912700000001e+00   1.9378682999999999e-01
   2.9750000000000001e+00   1.9625628000000001e-01   9.2029271000000001e-01   1.0768973799999999e+00   1.9382806000000000e-01
   2.9812500000000002e+00   1.9625586000000000e-01   9.2030615000000004e-01   1.0781044900000001e+00   1.9386389000000001e-01
   2.9874999999999998e+00   1.9625612000000001e-01   9.2031439999999998e-01   1.0793128999999999e+00   1.9388744999999999e-01
   2.9937499999999999e+00   1.9625695000000001e-01   9.2032062000000003e-01   1.0805226200000000e+00   1.9391752000000001e-01
   3.0000000000000000e+00   1.9625899999999999e-01   9.2032305000000003e-01   1.0817344200000001e+00   1.9394162000000001e-01
