   6.2500000000000003e-03   1.9626397000000001e-01   9.9990031000000001e-01   5.0002771999999995e-01   2.0920000000000001e-03
   1.2500000000000001e-02   1.9625182999999999e-01   9.9986606000000000e-01   5.0010672000000000e-01   5.5550499999999997e-03
   1.8749999999999999e-02   1.9625108999999999e-01   9.9977797000000002e-01   5.0019705999999997e-01   9.4503699999999996e-03
   2.5000000000000001e-02   1.9625348000000001e-01   9.9967446000000004e-01   5.0029763999999999e-01   1.3411250000000000e-02
   3.1250000000000000e-02   1.9625659000000001e-01   9.9960081000000001e-01   5.0041206999999999e-01   1.7333700000000000e-02
   3.7499999999999999e-02   1.9625967999999999e-01   9.9956456999999999e-01   5.0054421999999998e-01   2.1207080000000000e-02
   4.3749999999999997e-02   1.9626209999999999e-01   9.9955596999999996e-01   5.0069593000000001e-01   2.5035300000000000e-02
   5.0000000000000003e-02   1.9626416999999999e-01   9.9956376000000002e-01   5.0086774000000001e-01   2.8825130000000001e-02
   5.6250000000000001e-02   1.9626594000000000e-01   9.9957887999999995e-01   5.0105995000000003e-01   3.2578230000000000e-02
   6.2500000000000000e-02   1.9626763000000000e-01   9.9959692000000000e-01   5.0127273999999999e-01   3.6297969999999999e-02
   6.8750000000000006e-02   1.9626917999999999e-01   9.9961487999999998e-01   5.0150647000000004e-01   3.9987130000000003e-02
   7.4999999999999997e-02   1.9627144999999999e-01   9.9963285000000002e-01   5.0176240999999999e-01   4.3656229999999997e-02
   8.1250000000000003e-02   1.9627301000000000e-01   9.9964699000000001e-01   5.0204006999999995e-01   4.7306800000000003e-02
   8.7499999999999994e-02   1.9627446000000001e-01   9.9965974999999996e-01   5.0233941999999998e-01   5.0936820000000001e-02
   9.3750000000000000e-02   1.9627696000000000e-01   9.9967335000000002e-01   5.0265859999999996e-01   5.4543809999999998e-02
   1.0000000000000001e-01   1.9627732000000001e-01   9.9967987000000003e-01   5.0299952000000003e-01   5.8118730000000000e-02
   1.0625000000000000e-01   1.9627796000000000e-01   9.9968360999999994e-01   5.0336148000000003e-01   6.2547359999999996e-02
   1.1250000000000000e-01   1.9627894000000001e-01   9.9968729000000001e-01   5.0374589000000003e-01   6.5212049999999994e-02
   1.1874999999999999e-01   1.9628039000000000e-01   9.9968972000000000e-01   5.0415111000000001e-01   6.8731449999999999e-02
   1.2500000000000000e-01   1.9628258000000001e-01   9.9969291000000005e-01   5.0457616999999999e-01   7.2229630000000003e-02
   1.3125000000000001e-01   1.9628255000000000e-01   9.9969350999999995e-01   5.0502323999999998e-01   7.5686900000000001e-02
   1.3750000000000001e-01   1.9628493000000000e-01   9.9970091999999999e-01   5.0548930999999997e-01   7.9116489999999998e-02
   1.4374999999999999e-01   1.9628279000000001e-01   9.9970155999999999e-01   5.0597815000000002e-01   8.2517740000000006e-02
   1.4999999999999999e-01   1.9628370000000001e-01   9.9970327999999997e-01   5.0648850999999995e-01   8.5906769999999993e-02
   1.5625000000000000e-01   1.9628340999999999e-01   9.9970112000000000e-01   5.0702015000000000e-01   8.9281070000000004e-02
   1.6250000000000001e-01   1.9628414000000000e-01   9.9969973999999995e-01   5.0757165999999998e-01   9.2636810000000000e-02
   1.6875000000000001e-01   1.9628534000000000e-01   9.9969907000000002e-01   5.0814283000000005e-01   9.5967960000000005e-02
   1.7499999999999999e-01   1.9628598000000000e-01   9.9969909999999995e-01   5.0873396000000004e-01   9.9274829999999994e-02
   1.8124999999999999e-01   1.9628802000000001e-01   9.9969754000000000e-01   5.0934597999999998e-01   1.0257210999999999e-01
   1.8750000000000000e-01   1.9628976000000001e-01   9.9969923999999999e-01   5.0997729000000003e-01   1.0585856000000000e-01
   1.9375000000000001e-01   1.9629389000000000e-01   9.9970594999999995e-01   5.1062439000000004e-01   1.0912848000000000e-01
   2.0000000000000001e-01   1.9629034000000001e-01   9.9970305000000004e-01   5.1129555000000004e-01   1.1233620000000000e-01
   2.0624999999999999e-01   1.9628946000000000e-01   9.9970356999999999e-01   5.1198737999999999e-01   1.1552260000000000e-01
   2.1249999999999999e-01   1.9629097000000001e-01   9.9970833999999997e-01   5.1269639000000000e-01   1.1868663000000000e-01
   2.1875000000000000e-01   1.9628899999999999e-01   9.9969690000000000e-01   5.1342902999999995e-01   1.2183169000000001e-01
   2.2500000000000001e-01   1.9628282999999999e-01   9.9970097999999996e-01   5.1419128999999997e-01   1.2487031000000000e-01
   2.3125000000000001e-01   1.9628321000000001e-01   9.9971220000000005e-01   5.1497079999999995e-01   1.2792210000000001e-01
   2.3749999999999999e-01   1.9628498000000000e-01   9.9971935999999995e-01   5.1576633999999999e-01   1.3098472000000000e-01
   2.4374999999999999e-01   1.9628878000000000e-01   9.9972824999999998e-01   5.1657491000000000e-01   1.3403480000000001e-01
   2.5000000000000000e-01   1.9628875000000001e-01   9.9972587999999996e-01   5.1740067999999995e-01   1.3705751999999999e-01
   2.5624999999999998e-01   1.9628883000000000e-01   9.9972101999999996e-01   5.1824535000000005e-01   1.4004954999999999e-01
   2.6250000000000001e-01   1.9628778000000000e-01   9.9971423000000004e-01   5.1910533999999997e-01   1.4301574000000000e-01
   2.6874999999999999e-01   1.9628812000000001e-01   9.9970813999999997e-01   5.1998193000000004e-01   1.4595537000000000e-01
   2.7500000000000002e-01   1.9628871000000001e-01   9.9970386000000000e-01   5.2087293999999995e-01   1.4886753000000000e-01
   2.8125000000000000e-01   1.9629468000000000e-01   9.9971604000000003e-01   5.2177806000000004e-01   1.5173323999999999e-01
   2.8749999999999998e-01   1.9628962000000000e-01   9.9971226999999996e-01   5.2270455000000005e-01   1.5455058999999999e-01
   2.9375000000000001e-01   1.9628867000000000e-01   9.9970893000000005e-01   5.2365043000000000e-01   1.5736126000000000e-01
   2.9999999999999999e-01   1.9629286000000001e-01   9.9971745999999995e-01   5.2461009999999997e-01   1.6015507000000001e-01
   3.0625000000000002e-01   1.9629598000000001e-01   9.9972211000000000e-01   5.2558298000000003e-01   1.6291734999999999e-01
   3.1250000000000000e-01   1.9629894000000001e-01   9.9972156999999995e-01   5.2657105000000004e-01   1.6565889000000000e-01
   3.1874999999999998e-01   1.9630422000000000e-01   9.9972035000000004e-01   5.2757387000000000e-01   1.6838143000000000e-01
   3.2500000000000001e-01   1.9631129999999999e-01   9.9972079999999997e-01   5.2858689000000003e-01   1.7107172000000001e-01
   3.3124999999999999e-01   1.9630795000000001e-01   9.9970632000000004e-01   5.2962197000000000e-01   1.7370020999999999e-01
   3.3750000000000002e-01   1.9630754000000000e-01   9.9969282999999998e-01   5.3067175000000000e-01   1.7630529000000000e-01
   3.4375000000000000e-01   1.9630586000000000e-01   9.9967116000000000e-01   5.3174030999999999e-01   1.7887463000000001e-01
   3.4999999999999998e-01   1.9630438000000000e-01   9.9964567999999998e-01   5.3282582999999994e-01   1.8140851000000000e-01
   3.5625000000000001e-01   1.9630242000000001e-01   9.9961201000000000e-01   5.3392969999999995e-01   1.8390306000000001e-01
   3.6249999999999999e-01   1.9629536000000000e-01   9.9960042000000005e-01   5.3506187000000005e-01   1.8623355000000000e-01
   3.6875000000000002e-01   1.9628998000000000e-01   9.9958543000000000e-01   5.3621163999999999e-01   1.8852218000000001e-01
   3.7500000000000000e-01   1.9629141999999999e-01   9.9956089000000004e-01   5.3737657000000005e-01   1.9083897999999999e-01
   3.8124999999999998e-01   1.9629500999999999e-01   9.9953641000000004e-01   5.3855259000000000e-01   1.9314771000000000e-01
   3.8750000000000001e-01   1.9629816999999999e-01   9.9950565999999996e-01   5.3973857999999997e-01   1.9542564000000001e-01
   3.9374999999999999e-01   1.9629738999999999e-01   9.9946040999999997e-01   5.4093767999999998e-01   1.9767662000000000e-01
   4.0000000000000002e-01   1.9629998000000001e-01   9.9941285000000002e-01   5.4214808999999997e-01   1.9990308000000001e-01
   4.0625000000000000e-01   1.9630468000000001e-01   9.9935474999999996e-01   5.4336673999999996e-01   2.0210749000000000e-01
   4.1249999999999998e-01   1.9630557000000001e-01   9.9930079999999999e-01   5.4459146999999997e-01   2.0424929000000000e-01
   4.1875000000000001e-01   1.9631543000000001e-01   9.9925872000000004e-01   5.4581687999999995e-01   2.0637022999999999e-01
   4.2499999999999999e-01   1.9630964000000001e-01   9.9919113000000004e-01   5.4705709000000002e-01   2.0844156999999999e-01
   4.3125000000000002e-01   1.9631107000000000e-01   9.9911720999999998e-01   5.4830657999999999e-01   2.1047755000000001e-01
   4.3750000000000000e-01   1.9631161000000000e-01   9.9904457000000002e-01   5.4956983000000004e-01   2.1243558000000001e-01
   4.4374999999999998e-01   1.9630933000000000e-01   9.9898096999999997e-01   5.5084586999999996e-01   2.1436579000000000e-01
   4.5000000000000001e-01   1.9630765000000000e-01   9.9888812000000005e-01   5.5213981000000001e-01   2.1622610000000000e-01
   4.5624999999999999e-01   1.9629176000000001e-01   9.9878940000000005e-01   5.5346644000000000e-01   2.1787717000000001e-01
   4.6250000000000002e-01   1.9629416000000000e-01   9.9869121000000005e-01   5.5480185000000004e-01   2.1952442999999999e-01
   4.6875000000000000e-01   1.9629943000000000e-01   9.9857505000000002e-01   5.5614406000000005e-01   2.2119396000000000e-01
   4.7499999999999998e-01   1.9629910000000000e-01   9.9842697000000002e-01   5.5749868000000002e-01   2.2282868000000000e-01
   4.8125000000000001e-01   1.9629682000000001e-01   9.9827043999999998e-01   5.5886298999999995e-01   2.2443262999999999e-01
   4.8749999999999999e-01   1.9630249000000000e-01   9.9810938999999999e-01   5.6023272999999996e-01   2.2602000000000000e-01
   4.9375000000000002e-01   1.9630976000000000e-01   9.9794168000000005e-01   5.6160496000000004e-01   2.2758407000000000e-01
   5.0000000000000000e-01   1.9632173999999999e-01   9.9776860000000001e-01   5.6297679000000000e-01   2.2912278999999999e-01
   5.0624999999999998e-01   1.9632242000000000e-01   9.9757980000000002e-01   5.6435407000000004e-01   2.3059014999999999e-01
   5.1249999999999996e-01   1.9632135000000001e-01   9.9738488999999997e-01   5.6574203999999995e-01   2.3203926999999999e-01
   5.1875000000000004e-01   1.9631858999999999e-01   9.9716881999999996e-01   5.6714469000000001e-01   2.3342157999999999e-01
   5.2500000000000002e-01   1.9630508999999999e-01   9.9686863999999997e-01   5.6856793000000005e-01   2.3471850000000000e-01
   5.3125000000000000e-01   1.9628620999999999e-01   9.9652797000000004e-01   5.7001997000000004e-01   2.3571234999999999e-01
   5.3749999999999998e-01   1.9629109000000000e-01   9.9624018999999997e-01   5.7147254000000003e-01   2.3674318999999999e-01
   5.4374999999999996e-01   1.9629219000000001e-01   9.9593264999999997e-01   5.7292664999999998e-01   2.3782796000000000e-01
   5.5000000000000004e-01   1.9629414000000001e-01   9.9558866000000001e-01   5.7438274000000000e-01   2.3891620000000000e-01
   5.5625000000000002e-01   1.9630004000000001e-01   9.9521758000000005e-01   5.7583912000000004e-01   2.3998008000000001e-01
   5.6250000000000000e-01   1.9630790000000001e-01   9.9489271000000001e-01   5.7729412000000002e-01   2.4101850000000000e-01
   5.6874999999999998e-01   1.9631492000000000e-01   9.9452426999999999e-01   5.7874358999999997e-01   2.4205425999999999e-01
   5.7499999999999996e-01   1.9632131000000000e-01   9.9413607000000004e-01   5.8019339999999997e-01   2.4303259999999999e-01
   5.8125000000000004e-01   1.9632717000000000e-01   9.9374194000000005e-01   5.8164501999999996e-01   2.4397725000000001e-01
   5.8750000000000002e-01   1.9631499999999999e-01   9.9326130000000001e-01   5.8311563000000000e-01   2.4485481000000001e-01
   5.9375000000000000e-01   1.9628804000000000e-01   9.9275736000000003e-01   5.8462318999999996e-01   2.4535704999999999e-01
   5.9999999999999998e-01   1.9629590000000000e-01   9.9222708999999998e-01   5.8613071999999999e-01   2.4588449000000001e-01
   6.0624999999999996e-01   1.9629610000000000e-01   9.9164132999999999e-01   5.8764137999999999e-01   2.4646572999999999e-01
   6.1250000000000004e-01   1.9629526999999999e-01   9.9101572999999998e-01   5.8915605999999998e-01   2.4705895000000000e-01
   6.1875000000000002e-01   1.9629431000000000e-01   9.9037523000000005e-01   5.9067641000000004e-01   2.4762853000000001e-01
   6.2500000000000000e-01   1.9630991000000000e-01   9.8977230000000005e-01   5.9218769999999998e-01   2.4819263999999999e-01
   6.3124999999999998e-01   1.9631639000000001e-01   9.8911495000000005e-01   5.9369174999999996e-01   2.4876714000000000e-01
   6.3749999999999996e-01   1.9632632000000000e-01   9.8843024000000002e-01   5.9518795999999996e-01   2.4933968000000001e-01
   6.4375000000000004e-01   1.9633312000000000e-01   9.8770036999999999e-01   5.9667994000000002e-01   2.4989908999999999e-01
   6.5000000000000002e-01   1.9632164999999999e-01   9.8693255999999996e-01   5.9818640000000001e-01   2.5034264000000001e-01
   6.5625000000000000e-01   1.9630318999999999e-01   9.8608532000000004e-01   5.9971372000000001e-01   2.5064325999999998e-01
   6.6249999999999998e-01   1.9628028000000000e-01   9.8518161999999998e-01   6.0126363000000005e-01   2.5066036000000003e-01
   6.6874999999999996e-01   1.9628190000000001e-01   9.8428521000000002e-01   6.0280860000000003e-01   2.5074770000000002e-01
   6.7500000000000004e-01   1.9628351999999999e-01   9.8335112000000002e-01   6.0435532000000003e-01   2.5089533000000003e-01
   6.8125000000000002e-01   1.9629079999999999e-01   9.8240220000000000e-01   6.0589820000000005e-01   2.5107098999999999e-01
   6.8750000000000000e-01   1.9629321000000000e-01   9.8143378999999997e-01   6.0743515999999997e-01   2.5125496000000003e-01
   6.9374999999999998e-01   1.9629732999999999e-01   9.8044905000000004e-01   6.0896863999999995e-01   2.5143584000000002e-01
   6.9999999999999996e-01   1.9629804000000001e-01   9.7941003000000004e-01   6.1050254000000004e-01   2.5160295999999999e-01
   7.0625000000000004e-01   1.9630548000000000e-01   9.7830066000000004e-01   6.1203136000000002e-01   2.5170046000000001e-01
   7.1250000000000002e-01   1.9630890000000001e-01   9.7714844000000001e-01   6.1355568999999999e-01   2.5175515999999998e-01
   7.1875000000000000e-01   1.9631095000000001e-01   9.7594639000000005e-01   6.1507825000000005e-01   2.5180857000000001e-01
   7.2499999999999998e-01   1.9630987999999999e-01   9.7469664000000000e-01   6.1660382000000002e-01   2.5179467000000000e-01
   7.3124999999999996e-01   1.9631064000000001e-01   9.7345148000000004e-01   6.1812769999999995e-01   2.5180110000000000e-01
   7.3750000000000004e-01   1.9630940999999999e-01   9.7216855000000002e-01   6.1965689999999995e-01   2.5173790000000001e-01
   7.4375000000000002e-01   1.9630027999999999e-01   9.7085414999999997e-01   6.2119575999999999e-01   2.5168007999999997e-01
   7.5000000000000000e-01   1.9628311000000001e-01   9.6952974999999997e-01   6.2275148000000002e-01   2.5141574000000000e-01
   7.5624999999999998e-01   1.9628648000000001e-01   9.6817878999999996e-01   6.2430028999999998e-01   2.5118168000000002e-01
   7.6249999999999996e-01   1.9629231000000000e-01   9.6679336999999999e-01   6.2584282999999996e-01   2.5098504999999999e-01
   7.6875000000000004e-01   1.9629019000000000e-01   9.6535705999999999e-01   6.2738579000000005e-01   2.5078134000000002e-01
   7.7500000000000002e-01   1.9628978000000000e-01   9.6389418000000004e-01   6.2892550000000003e-01   2.5058846000000001e-01
   7.8125000000000000e-01   1.9629145000000001e-01   9.6242212000000005e-01   6.3046482999999998e-01   2.5040889000000000e-01
   7.8749999999999998e-01   1.9629588000000001e-01   9.6091479000000002e-01   6.3199914000000001e-01   2.5021358999999999e-01
   7.9374999999999996e-01   1.9630017999999999e-01   9.5939795000000005e-01   6.3352874000000003e-01   2.5003573000000001e-01
   8.0000000000000004e-01   1.9629957000000001e-01   9.5782206000000003e-01   6.3505506000000000e-01   2.4985244000000001e-01
   8.0625000000000002e-01   1.9630288000000001e-01   9.5618955999999999e-01   6.3657646000000001e-01   2.4963105999999999e-01
   8.1250000000000000e-01   1.9630170000000000e-01   9.5453005999999996e-01   6.3809263999999999e-01   2.4937662999999999e-01
   8.1874999999999998e-01   1.9630669000000001e-01   9.5287124999999995e-01   6.3960382000000005e-01   2.4913319000000000e-01
   8.2499999999999996e-01   1.9630068000000001e-01   9.5114239000000000e-01   6.4111927999999996e-01   2.4886889000000001e-01
   8.3125000000000004e-01   1.9630164000000000e-01   9.4941251000000004e-01   6.4263360999999997e-01   2.4858232999999999e-01
   8.3750000000000002e-01   1.9630602999999999e-01   9.4768538999999996e-01   6.4414231000000000e-01   2.4828438999999999e-01
   8.4375000000000000e-01   1.9630459000000000e-01   9.4592949000000004e-01   6.4565234000000005e-01   2.4799342999999999e-01
   8.4999999999999998e-01   1.9630486000000000e-01   9.4416025999999997e-01   6.4716277000000000e-01   2.4771329000000000e-01
   8.5624999999999996e-01   1.9628202000000000e-01   9.4238708999999998e-01   6.4869277000000003e-01   2.4723940000000000e-01
   8.6250000000000004e-01   1.9628212000000000e-01   9.4062822000000001e-01   6.5022031000000002e-01   2.4677509000000000e-01
   8.6875000000000002e-01   1.9628799999999999e-01   9.3884531000000004e-01   6.5173776000000005e-01   2.4637587999999999e-01
   8.7500000000000000e-01   1.9628783999999999e-01   9.3701376999999997e-01   6.5325164000000002e-01   2.4598352000000001e-01
   8.8124999999999998e-01   1.9628607000000001e-01   9.3514576999999999e-01   6.5476398000000002e-01   2.4558659999999999e-01
   8.8749999999999996e-01   1.9629093000000000e-01   9.3331633999999997e-01   6.5627214000000000e-01   2.4519900000000000e-01
   8.9375000000000004e-01   1.9628688000000000e-01   9.3143958999999998e-01   6.5778091999999999e-01   2.4482740000000000e-01
   9.0000000000000002e-01   1.9629139000000001e-01   9.2955427999999996e-01   6.5928624999999996e-01   2.4445515000000001e-01
   9.0625000000000000e-01   1.9629419000000001e-01   9.2764217999999998e-01   6.6078225000000002e-01   2.4409939000000000e-01
   9.1249999999999998e-01   1.9629316999999999e-01   9.2571188999999998e-01   6.6228067999999995e-01   2.4371129000000000e-01
   9.1874999999999996e-01   1.9629323000000001e-01   9.2376681000000005e-01   6.6377584999999995e-01   2.4333138000000001e-01
   9.2500000000000004e-01   1.9630047000000000e-01   9.2180894000000002e-01   6.6525856000000005e-01   2.4296240999999999e-01
   9.3125000000000002e-01   1.9629720000000001e-01   9.1982111000000000e-01   6.6673985999999996e-01   2.4259165999999999e-01
   9.3750000000000000e-01   1.9629793000000001e-01   9.1782399999999997e-01   6.6822006000000000e-01   2.4220621000000001e-01
   9.4374999999999998e-01   1.9630328000000000e-01   9.1584301000000001e-01   6.6969126000000001e-01   2.4182693000000000e-01
   9.4999999999999996e-01   1.9630823999999999e-01   9.1383603000000002e-01   6.7115603000000001e-01   2.4145175999999999e-01
   9.5625000000000004e-01   1.9629863000000000e-01   9.1177770000000002e-01   6.7263065000000000e-01   2.4103204000000000e-01
   9.6250000000000002e-01   1.9629506999999999e-01   9.0973568999999999e-01   6.7410281000000005e-01   2.4063894000000000e-01
   9.6875000000000000e-01   1.9630365999999999e-01   9.0774885999999999e-01   6.7556572999999998e-01   2.4026771999999999e-01
   9.7499999999999998e-01   1.9629616000000000e-01   9.0568747999999999e-01   6.7703395000000000e-01   2.3991243000000001e-01
   9.8124999999999996e-01   1.9629986999999999e-01   9.0365271000000003e-01   6.7849185999999995e-01   2.3955765000000001e-01
   9.8750000000000004e-01   1.9628167999999999e-01   9.0160737000000002e-01   6.7996515000000002e-01   2.3907276999999999e-01
   9.9375000000000002e-01   1.9627917000000000e-01   8.9971378000000002e-01   6.8144137000000005e-01   2.3853414000000001e-01
   1.0000000000000000e+00   1.9627834000000000e-01   8.9780388000000000e-01   6.8291745000000004e-01   2.3802551999999999e-01
   1.0062500000000001e+00   1.9628093999999999e-01   8.9587430999999995e-01   6.8438792999999998e-01   2.3757497999999999e-01
   1.0125000000000000e+00   1.9628240999999999e-01   8.9391341999999996e-01   6.8585666999999995e-01   2.3715523999999999e-01
   1.0187500000000000e+00   1.9628903000000000e-01   8.9196374000000000e-01   6.8731339000000002e-01   2.3676396999999999e-01
   1.0249999999999999e+00   1.9628208999999999e-01   8.8997044000000003e-01   6.8877752000000003e-01   2.3638039999999999e-01
   1.0312500000000000e+00   1.9628559000000001e-01   8.8800299999999999e-01   6.9023316999999995e-01   2.3600051999999999e-01
   1.0375000000000001e+00   1.9629029000000001e-01   8.8604590000000005e-01   6.9167749000000001e-01   2.3563941999999999e-01
   1.0437500000000000e+00   1.9628538000000001e-01   8.8406377999999997e-01   6.9312563000000005e-01   2.3526152000000000e-01
   1.0500000000000000e+00   1.9628301000000001e-01   8.8207447000000005e-01   6.9457336000000003e-01   2.3487933999999999e-01
   1.0562499999999999e+00   1.9628822000000001e-01   8.8013222999999996e-01   6.9600936999999996e-01   2.3452065999999999e-01
   1.0625000000000000e+00   1.9628439000000000e-01   8.7815505999999999e-01   6.9744938999999995e-01   2.3417305999999999e-01
   1.0687500000000001e+00   1.9629121999999999e-01   8.7619773000000001e-01   6.9888083000000001e-01   2.3383017000000000e-01
   1.0750000000000000e+00   1.9629245000000001e-01   8.7419842999999997e-01   7.0030629000000000e-01   2.3349615000000001e-01
   1.0812500000000000e+00   1.9629242999999999e-01   8.7217604000000004e-01   7.0172805000000005e-01   2.3313369000000000e-01
   1.0874999999999999e+00   1.9629468000000000e-01   8.7015569999999998e-01   7.0314469999999996e-01   2.3278038000000001e-01
   1.0937500000000000e+00   1.9629965999999999e-01   8.6816044000000003e-01   7.0455319000000005e-01   2.3245220000000000e-01
   1.1000000000000001e+00   1.9629657000000000e-01   8.6616143000000001e-01   7.0596588000000005e-01   2.3211857999999999e-01
   1.1062500000000000e+00   1.9629384000000000e-01   8.6415412999999996e-01   7.0738394000000004e-01   2.3177589000000001e-01
   1.1125000000000000e+00   1.9629240000000001e-01   8.6217202000000004e-01   7.0879985000000001e-01   2.3146021000000000e-01
   1.1187499999999999e+00   1.9630138000000000e-01   8.6021586999999999e-01   7.1021003000000005e-01   2.3118709000000001e-01
   1.1250000000000000e+00   1.9630658000000001e-01   8.5830861000000003e-01   7.1161238000000004e-01   2.3093612999999999e-01
   1.1312500000000001e+00   1.9629547000000000e-01   8.5630534999999997e-01   7.1302511999999996e-01   2.3069234000000000e-01
   1.1375000000000000e+00   1.9630288000000001e-01   8.5436456999999999e-01   7.1442919000000005e-01   2.3044601000000001e-01
   1.1437500000000000e+00   1.9630507000000000e-01   8.5240663999999999e-01   7.1582473999999996e-01   2.3020609000000000e-01
   1.1499999999999999e+00   1.9628872999999999e-01   8.5049142000000000e-01   7.1723665999999997e-01   2.2974596000000000e-01
   1.1562500000000000e+00   1.9628461999999999e-01   8.4867583000000002e-01   7.1864771999999999e-01   2.2932918999999999e-01
   1.1625000000000001e+00   1.9628836999999999e-01   8.4688912999999999e-01   7.2005233999999996e-01   2.2895742999999999e-01
   1.1687500000000000e+00   1.9628680000000001e-01   8.4508260000000002e-01   7.2145404000000002e-01   2.2857566000000001e-01
   1.1750000000000000e+00   1.9628069000000001e-01   8.4326118999999999e-01   7.2285628000000002e-01   2.2821030000000000e-01
   1.1812499999999999e+00   1.9628909999999999e-01   8.4148933000000004e-01   7.2424789000000001e-01   2.2787940000000001e-01
   1.1875000000000000e+00   1.9628493999999999e-01   8.3969086000000004e-01   7.2564223999999999e-01   2.2757578000000001e-01
   1.1937500000000001e+00   1.9628377000000000e-01   8.3789912000000000e-01   7.2703580000000001e-01   2.2726193000000000e-01
   1.2000000000000000e+00   1.9627787999999999e-01   8.3611500999999999e-01   7.2843077000000001e-01   2.2693262000000000e-01
   1.2062500000000000e+00   1.9627784000000001e-01   8.3434956999999998e-01   7.2982689000000001e-01   2.2663071000000001e-01
   1.2124999999999999e+00   1.9628229999999999e-01   8.3260517999999994e-01   7.3121406000000000e-01   2.2636464000000001e-01
   1.2187500000000000e+00   1.9628159000000001e-01   8.3079453000000003e-01   7.3260946999999998e-01   2.2610970999999999e-01
   1.2250000000000001e+00   1.9628066000000000e-01   8.2901250999999998e-01   7.3400222999999998e-01   2.2585273000000000e-01
   1.2312500000000000e+00   1.9629071000000001e-01   8.2726791000000000e-01   7.3538795000000001e-01   2.2561126000000001e-01
   1.2375000000000000e+00   1.9628975000000001e-01   8.2553301999999995e-01   7.3677223999999997e-01   2.2540201000000001e-01
   1.2437499999999999e+00   1.9629125000000000e-01   8.2373854999999996e-01   7.3815288000000001e-01   2.2520435999999999e-01
   1.2500000000000000e+00   1.9628915000000000e-01   8.2191093999999998e-01   7.3953201000000002e-01   2.2501235000000000e-01
   1.2562500000000001e+00   1.9629529000000001e-01   8.2010165000000002e-01   7.4090438999999997e-01   2.2484108999999999e-01
   1.2625000000000000e+00   1.9629616999999999e-01   8.1828590000000001e-01   7.4227219000000000e-01   2.2469970000000000e-01
   1.2687500000000000e+00   1.9629903000000001e-01   8.1648430999999999e-01   7.4363511999999998e-01   2.2458407000000000e-01
   1.2749999999999999e+00   1.9630979000000001e-01   8.1473832999999996e-01   7.4498584000000001e-01   2.2448757000000000e-01
   1.2812500000000000e+00   1.9628947999999999e-01   8.1295258999999997e-01   7.4635315000000002e-01   2.2432511999999999e-01
   1.2875000000000001e+00   1.9628860000000001e-01   8.1118975999999998e-01   7.4771940999999997e-01   2.2417867000000000e-01
   1.2937500000000000e+00   1.9629049000000001e-01   8.0942934000000000e-01   7.4908198999999998e-01   2.2408068000000000e-01
   1.3000000000000000e+00   1.9628933000000001e-01   8.0768693999999996e-01   7.5044336000000000e-01   2.2401744000000001e-01
   1.3062499999999999e+00   1.9629711000000000e-01   8.0597918999999996e-01   7.5179591999999995e-01   2.2397692999999999e-01
   1.3125000000000000e+00   1.9629674000000000e-01   8.0420517999999996e-01   7.5315483000000005e-01   2.2395440000000000e-01
   1.3187500000000001e+00   1.9629606999999999e-01   8.0244455000000003e-01   7.5450934999999997e-01   2.2393152999999999e-01
   1.3250000000000000e+00   1.9630434999999999e-01   8.0069922999999998e-01   7.5586069000000000e-01   2.2389887999999999e-01
   1.3312500000000000e+00   1.9630363000000001e-01   7.9898807999999999e-01   7.5721192999999998e-01   2.2386234999999999e-01
   1.3374999999999999e+00   1.9631528000000001e-01   7.9732272000000004e-01   7.5855466000000005e-01   2.2382096000000001e-01
   1.3437500000000000e+00   1.9630627000000000e-01   7.9569014000000005e-01   7.5991317000000003e-01   2.2366731000000001e-01
   1.3500000000000001e+00   1.9628730000000000e-01   7.9409481000000004e-01   7.6128958999999996e-01   2.2343995999999999e-01
   1.3562500000000000e+00   1.9628850000000000e-01   7.9258773000000005e-01   7.6266113000000002e-01   2.2328601000000001e-01
   1.3625000000000000e+00   1.9628345000000000e-01   7.9108955000000003e-01   7.6403750000000004e-01   2.2317343000000001e-01
   1.3687499999999999e+00   1.9628754000000001e-01   7.8960741000000001e-01   7.6540722000000005e-01   2.2309562999999999e-01
   1.3750000000000000e+00   1.9628971000000001e-01   7.8816514000000004e-01   7.6677017999999997e-01   2.2306987000000000e-01
   1.3812500000000001e+00   1.9628860000000001e-01   7.8668685000000005e-01   7.6813597000000000e-01   2.2301145000000000e-01
   1.3875000000000000e+00   1.9628457999999999e-01   7.8517040999999999e-01   7.6949988000000002e-01   2.2297164999999999e-01
   1.3937500000000000e+00   1.9628318000000000e-01   7.8366572999999995e-01   7.7086410000000005e-01   2.2293945000000001e-01
   1.3999999999999999e+00   1.9628572999999999e-01   7.8219764999999997e-01   7.7222173999999999e-01   2.2291227999999999e-01
   1.4062500000000000e+00   1.9628340999999999e-01   7.8070653999999995e-01   7.7358143999999995e-01   2.2290289999999999e-01
   1.4125000000000001e+00   1.9628371000000000e-01   7.7924594000000003e-01   7.7493674000000001e-01   2.2292060000000000e-01
   1.4187500000000000e+00   1.9629615000000000e-01   7.7785000000000004e-01   7.7628359999999996e-01   2.2294960999999999e-01
   1.4250000000000000e+00   1.9629156000000000e-01   7.7631565999999996e-01   7.7764224000000004e-01   2.2300249000000000e-01
   1.4312499999999999e+00   1.9629078000000000e-01   7.7483592999999995e-01   7.7899744999999998e-01   2.2306732000000001e-01
   1.4375000000000000e+00   1.9629906999999999e-01   7.7338607000000004e-01   7.8034873999999999e-01   2.2314916000000001e-01
   1.4437500000000001e+00   1.9629821000000000e-01   7.7191454999999998e-01   7.8170143000000003e-01   2.2325948000000001e-01
   1.4500000000000000e+00   1.9630152000000001e-01   7.7043017000000003e-01   7.8305453999999997e-01   2.2335174999999999e-01
   1.4562500000000000e+00   1.9630354999999999e-01   7.6891155000000000e-01   7.8440443999999998e-01   2.2343916999999999e-01
   1.4624999999999999e+00   1.9630478000000001e-01   7.6737164999999996e-01   7.8575476000000000e-01   2.2351586000000001e-01
   1.4687500000000000e+00   1.9632187000000001e-01   7.6587634000000004e-01   7.8708639000000002e-01   2.2359165000000000e-01
   1.4750000000000001e+00   1.9630286999999999e-01   7.6443300999999997e-01   7.8844802999999997e-01   2.2360247000000000e-01
   1.4812500000000000e+00   1.9630181999999999e-01   7.6304985000000003e-01   7.8980357999999995e-01   2.2364544000000000e-01
   1.4875000000000000e+00   1.9630823000000000e-01   7.6172024999999999e-01   7.9114876000000001e-01   2.2372568000000001e-01
   1.4937499999999999e+00   1.9630313999999999e-01   7.6028423999999994e-01   7.9249968999999998e-01   2.2382075000000001e-01
   1.5000000000000000e+00   1.9630244999999999e-01   7.5883986000000003e-01   7.9384699000000003e-01   2.2391517000000000e-01
   1.5062500000000001e+00   1.9629324000000001e-01   7.5737456000000003e-01   7.9520217000000004e-01   2.2401863999999999e-01
   1.5125000000000000e+00   1.9630001999999999e-01   7.5594894999999995e-01   7.9654722000000000e-01   2.2413363000000000e-01
   1.5187500000000000e+00   1.9629336999999999e-01   7.5446948000000003e-01   7.9789946000000000e-01   2.2426467999999999e-01
   1.5249999999999999e+00   1.9629440000000001e-01   7.5299362999999997e-01   7.9925027999999998e-01   2.2439754000000001e-01
   1.5312500000000000e+00   1.9630154999999999e-01   7.5157868000000005e-01   8.0059705000000003e-01   2.2455062000000001e-01
   1.5375000000000001e+00   1.9630183000000001e-01   7.5016152000000003e-01   8.0194783000000003e-01   2.2473682000000000e-01
   1.5437500000000000e+00   1.9630059000000000e-01   7.4872505000000000e-01   8.0329771999999999e-01   2.2494935999999999e-01
   1.5500000000000000e+00   1.9630733000000000e-01   7.4729071999999996e-01   8.0464621999999997e-01   2.2518932999999999e-01
   1.5562499999999999e+00   1.9631034999999999e-01   7.4576664999999998e-01   8.0599069999999995e-01   2.2546579999999999e-01
   1.5625000000000000e+00   1.9631320999999999e-01   7.4427697000000004e-01   8.0733856999999998e-01   2.2560158000000000e-01
   1.5687500000000001e+00   1.9628887000000000e-01   7.4308593000000001e-01   8.0872107999999998e-01   2.2558376999999999e-01
   1.5750000000000000e+00   1.9626996999999999e-01   7.4202014999999999e-01   8.1012576999999997e-01   2.2556457999999999e-01
   1.5812500000000000e+00   1.9628129000000000e-01   7.4097915000000003e-01   8.1151695000000001e-01   2.2557178999999999e-01
   1.5874999999999999e+00   1.9628590000000001e-01   7.3986220000000003e-01   8.1290291000000003e-01   2.2564717000000001e-01
   1.5937500000000000e+00   1.9628802000000001e-01   7.3864004000000005e-01   8.1428550000000000e-01   2.2575084000000001e-01
   1.6000000000000001e+00   1.9629078000000000e-01   7.3736447999999999e-01   8.1566428999999996e-01   2.2590652999999999e-01
   1.6062500000000000e+00   1.9628682000000000e-01   7.3610098999999996e-01   8.1704527000000005e-01   2.2608856999999999e-01
   1.6125000000000000e+00   1.9628772999999999e-01   7.3483323000000000e-01   8.1841900000000001e-01   2.2630077000000001e-01
   1.6187499999999999e+00   1.9628487999999999e-01   7.3357956000000002e-01   8.1979458000000005e-01   2.2655122000000000e-01
   1.6250000000000000e+00   1.9629355000000001e-01   7.3233550000000003e-01   8.2115928999999999e-01   2.2682804000000001e-01
   1.6312500000000001e+00   1.9630362000000001e-01   7.3111029999999999e-01   8.2251180000000002e-01   2.2714504999999999e-01
   1.6375000000000000e+00   1.9628032000000001e-01   7.2991918000000000e-01   8.2390041000000003e-01   2.2748773000000000e-01
   1.6437500000000000e+00   1.9629610000000000e-01   7.2888748999999997e-01   8.2527055999999999e-01   2.2779063999999999e-01
   1.6499999999999999e+00   1.9630392999999999e-01   7.2794172999999995e-01   8.2663454000000003e-01   2.2812405999999999e-01
   1.6562500000000000e+00   1.9631288000000000e-01   7.2686344999999997e-01   8.2799372999999998e-01   2.2846841000000001e-01
   1.6625000000000001e+00   1.9627907000000000e-01   7.2569510999999998e-01   8.2940033000000002e-01   2.2875214999999999e-01
   1.6687500000000000e+00   1.9626896999999999e-01   7.2462786000000001e-01   8.3081618999999995e-01   2.2893906000000000e-01
   1.6750000000000000e+00   1.9627348000000000e-01   7.2360519999999995e-01   8.3222901999999999e-01   2.2908090000000000e-01
   1.6812499999999999e+00   1.9628119999999999e-01   7.2257150999999997e-01   8.3363520000000002e-01   2.2918659000000000e-01
   1.6875000000000000e+00   1.9628156999999999e-01   7.2152616000000003e-01   8.3504323999999996e-01   2.2933605000000001e-01
   1.6937500000000001e+00   1.9629764999999999e-01   7.2048725000000002e-01   8.3643215999999998e-01   2.2953497000000000e-01
   1.7000000000000000e+00   1.9630997000000000e-01   7.1938895999999997e-01   8.3781039000000002e-01   2.2982553999999999e-01
   1.7062500000000000e+00   1.9630902000000000e-01   7.1808086000000004e-01   8.3919368999999999e-01   2.3015786999999999e-01
   1.7124999999999999e+00   1.9630851999999999e-01   7.1672877999999995e-01   8.4057802000000004e-01   2.3052428000000000e-01
   1.7187500000000000e+00   1.9631340999999999e-01   7.1513201999999998e-01   8.4195381000000002e-01   2.3091751999999999e-01
   1.7250000000000001e+00   1.9631609000000000e-01   7.1333924999999998e-01   8.4332249999999997e-01   2.3125672999999999e-01
   1.7312500000000000e+00   1.9632429000000001e-01   7.1206046999999995e-01   8.4468149999999997e-01   2.3163913999999999e-01
   1.7375000000000000e+00   1.9627299000000001e-01   7.1093580000000001e-01   8.4611367999999998e-01   2.3189886000000001e-01
   1.7437499999999999e+00   1.9626192000000001e-01   7.0995604999999995e-01   8.4754258000000005e-01   2.3207159999999999e-01
   1.7500000000000000e+00   1.9626587000000001e-01   7.0893914000000002e-01   8.4896936999999995e-01   2.3221612999999999e-01
   1.7562500000000001e+00   1.9627924999999999e-01   7.0787495000000000e-01   8.5038343999999999e-01   2.3234595999999999e-01
   1.7625000000000000e+00   1.9627425000000001e-01   7.0665359999999999e-01   8.5180924999999996e-01   2.3251014000000000e-01
   1.7687500000000000e+00   1.9627860999999999e-01   7.0543528000000000e-01   8.5323302000000001e-01   2.3271875000000000e-01
   1.7749999999999999e+00   1.9628193999999999e-01   7.0421769999999995e-01   8.5465864999999996e-01   2.3300044000000000e-01
   1.7812500000000000e+00   1.9628464000000001e-01   7.0304491999999996e-01   8.5608556999999996e-01   2.3335222000000000e-01
   1.7875000000000001e+00   1.9628878999999999e-01   7.0194581000000000e-01   8.5751109999999997e-01   2.3372651999999999e-01
   1.7937500000000000e+00   1.9630100000000000e-01   7.0087208999999995e-01   8.5892513000000004e-01   2.3411090000000001e-01
   1.8000000000000000e+00   1.9631618000000001e-01   6.9997779000000004e-01   8.6031928000000002e-01   2.3450103000000000e-01
   1.8062499999999999e+00   1.9630445999999999e-01   6.9908614999999996e-01   8.6173984999999997e-01   2.3473125000000000e-01
   1.8125000000000000e+00   1.9629753000000000e-01   6.9809774999999996e-01   8.6316908000000003e-01   2.3489038000000001e-01
   1.8187500000000001e+00   1.9629399000000000e-01   6.9699407000000002e-01   8.6460161999999996e-01   2.3510845000000000e-01
   1.8250000000000000e+00   1.9624570999999999e-01   6.9531063000000004e-01   8.6609135000000004e-01   2.3537258000000000e-01
   1.8312500000000000e+00   1.9627610000000001e-01   6.9434530000000005e-01   8.6753026000000000e-01   2.3553014000000000e-01
   1.8374999999999999e+00   1.9628358000000001e-01   6.9308462000000004e-01   8.6896731000000005e-01   2.3568491999999999e-01
   1.8437500000000000e+00   1.9628140999999999e-01   6.9181466999999996e-01   8.7040715999999996e-01   2.3582475000000000e-01
   1.8500000000000001e+00   1.9628271999999999e-01   6.9054578000000000e-01   8.7184247000000004e-01   2.3597282999999999e-01
   1.8562500000000000e+00   1.9628561999999999e-01   6.8927384000000003e-01   8.7327186999999995e-01   2.3613997000000000e-01
   1.8625000000000000e+00   1.9628839000000001e-01   6.8798400999999998e-01   8.7470406000000001e-01   2.3636087000000000e-01
   1.8687499999999999e+00   1.9629131000000000e-01   6.8665357999999999e-01   8.7613551000000001e-01   2.3661631000000000e-01
   1.8750000000000000e+00   1.9629488000000000e-01   6.8528228000000002e-01   8.7756794000000005e-01   2.3693707000000000e-01
   1.8812500000000001e+00   1.9629621000000000e-01   6.8386108999999995e-01   8.7900102999999996e-01   2.3729697000000000e-01
   1.8875000000000000e+00   1.9630156000000001e-01   6.8240387999999996e-01   8.8043236000000002e-01   2.3768116000000000e-01
   1.8937500000000000e+00   1.9627354000000000e-01   6.7991086000000001e-01   8.8190265999999995e-01   2.3808898000000001e-01
   1.8999999999999999e+00   1.9628123000000000e-01   6.7203420999999997e-01   8.8335958999999997e-01   2.3836214000000000e-01
   1.9062500000000000e+00   1.9621690999999999e-01   6.6295117000000003e-01   8.8492278000000002e-01   2.3844345000000000e-01
   1.9125000000000001e+00   1.9623568000000000e-01   6.6644727000000004e-01   8.8643835999999998e-01   2.3827056999999999e-01
   1.9187500000000000e+00   1.9626220999999999e-01   6.6858286000000000e-01   8.8792389000000005e-01   2.3807733000000000e-01
   1.9250000000000000e+00   1.9628957000000000e-01   6.6972686000000003e-01   8.8938028999999996e-01   2.3783993000000000e-01
   1.9312499999999999e+00   1.9629353999999999e-01   6.7062155999999995e-01   8.9083730999999999e-01   2.3765163000000000e-01
   1.9375000000000000e+00   1.9628572000000000e-01   6.7086665000000001e-01   8.9229809999999998e-01   2.3750027000000001e-01
   1.9437500000000001e+00   1.9628399999999999e-01   6.7058686000000001e-01   8.9375804000000003e-01   2.3734810000000001e-01
   1.9500000000000000e+00   1.9629601999999999e-01   6.6997967999999997e-01   8.9519070999999995e-01   2.3726767000000001e-01
   1.9562500000000000e+00   1.9629492000000001e-01   6.6888718000000003e-01   8.9662304000000004e-01   2.3729019000000001e-01
   1.9624999999999999e+00   1.9629946000000001e-01   6.6765372999999995e-01   8.9804081999999996e-01   2.3727479000000001e-01
   1.9687500000000000e+00   1.9628664000000001e-01   6.6630191000000005e-01   8.9947429000000001e-01   2.3705432000000001e-01
   1.9750000000000001e+00   1.9629969000000000e-01   6.6487671999999998e-01   9.0088767000000003e-01   2.3659475999999999e-01
   1.9812500000000000e+00   1.9632414000000001e-01   6.6328334000000000e-01   9.0227723000000004e-01   2.3603339000000001e-01
   1.9875000000000000e+00   1.9631398000000000e-01   6.6185936000000001e-01   9.0368841000000000e-01   2.3552543000000001e-01
   1.9937499999999999e+00   1.9631406000000001e-01   6.6024996000000002e-01   9.0509158999999995e-01   2.3519454000000001e-01
   2.0000000000000000e+00   1.9633331000000001e-01   6.5853510000000004e-01   9.0647674000000000e-01   2.3504530000000001e-01
   2.0062500000000001e+00   1.9632769000000000e-01   6.5667392999999996e-01   9.0787461999999997e-01   2.3505901000000001e-01
   2.0125000000000002e+00   1.9632790999999999e-01   6.5478228999999999e-01   9.0927278000000000e-01   2.3515537000000000e-01
   2.0187499999999998e+00   1.9633465999999999e-01   6.5291964000000002e-01   9.1066577000000004e-01   2.3533064000000001e-01
   2.0249999999999999e+00   1.9634273999999999e-01   6.5106962999999995e-01   9.1205354000000005e-01   2.3555561000000000e-01
   2.0312500000000000e+00   1.9634306000000001e-01   6.4887010000000001e-01   9.1344619000000005e-01   2.3581969000000000e-01
   2.0375000000000001e+00   1.9631882000000000e-01   6.4742118000000004e-01   9.1487523000000004e-01   2.3592483000000000e-01
   2.0437500000000002e+00   1.9631809000000000e-01   6.4568108999999996e-01   9.1629430000000001e-01   2.3546932000000001e-01
   2.0499999999999998e+00   1.9632368000000000e-01   6.4383429000000003e-01   9.1769847999999998e-01   2.3475138000000001e-01
   2.0562499999999999e+00   1.9631172000000000e-01   6.4207504000000004e-01   9.1911206999999995e-01   2.3389672000000000e-01
   2.0625000000000000e+00   1.9632596999999999e-01   6.4031073000000005e-01   9.2049550000000002e-01   2.3302505000000001e-01
   2.0687500000000001e+00   1.9634223000000001e-01   6.3859792000000004e-01   9.2185770000000000e-01   2.3220859999999999e-01
   2.0750000000000002e+00   1.9632173999999999e-01   6.3680132000000000e-01   9.2324470000000003e-01   2.3152180000000000e-01
   2.0812499999999998e+00   1.9632938999999999e-01   6.3490736999999997e-01   9.2460882000000000e-01   2.3090984000000001e-01
   2.0874999999999999e+00   1.9632637000000000e-01   6.3327507000000005e-01   9.2597764000000005e-01   2.3045426999999999e-01
   2.0937500000000000e+00   1.9632231000000000e-01   6.3153959000000004e-01   9.2735133999999997e-01   2.3010465999999999e-01
   2.1000000000000001e+00   1.9631261999999999e-01   6.2972300999999997e-01   9.2874102000000003e-01   2.2985610000000001e-01
   2.1062500000000002e+00   1.9631504000000000e-01   6.2793147999999999e-01   9.3012457000000004e-01   2.2975430999999999e-01
   2.1124999999999998e+00   1.9631393000000000e-01   6.2642505999999998e-01   9.3151258999999997e-01   2.2971585999999999e-01
   2.1187499999999999e+00   1.9631662000000000e-01   6.2376500999999995e-01   9.3290256999999999e-01   2.2974238000000000e-01
   2.1250000000000000e+00   1.9631642999999999e-01   6.2284055999999999e-01   9.3429591999999995e-01   2.2961189000000001e-01
   2.1312500000000001e+00   1.9633650000000000e-01   6.2131060999999999e-01   9.3566598999999995e-01   2.2941410000000001e-01
   2.1375000000000002e+00   1.9632985999999999e-01   6.2047205000000005e-01   9.3705282999999995e-01   2.2930258000000001e-01
   2.1437499999999998e+00   1.9633748000000001e-01   6.1921004000000002e-01   9.3842599999999998e-01   2.2895640000000000e-01
   2.1499999999999999e+00   1.9635913999999999e-01   6.1695778000000001e-01   9.3977211000000005e-01   2.2866331000000001e-01
   2.1562500000000000e+00   1.9634657000000000e-01   6.1641310000000005e-01   9.4113756000000004e-01   2.2762213000000001e-01
   2.1625000000000001e+00   1.9634291000000001e-01   6.1492173999999999e-01   9.4249607000000002e-01   2.2669379000000001e-01
   2.1687500000000002e+00   1.9637160000000001e-01   6.1342271999999998e-01   9.4381340999999996e-01   2.2604608000000001e-01
   2.1749999999999998e+00   1.9637372000000000e-01   6.1221965000000000e-01   9.4513970000000003e-01   2.2547619999999999e-01
   2.1812499999999999e+00   1.9637774999999999e-01   6.1066010999999998e-01   9.4645451999999997e-01   2.2493951000000001e-01
   2.1875000000000000e+00   1.9638807999999999e-01   6.0877583000000002e-01   9.4775622000000004e-01   2.2438404000000001e-01
   2.1937500000000001e+00   1.9637030000000000e-01   6.0677638000000000e-01   9.4907290000000000e-01   2.2356883999999999e-01
   2.2000000000000002e+00   1.9635944999999999e-01   6.0553356000000003e-01   9.5038829999999996e-01   2.2265820000000000e-01
   2.2062499999999998e+00   1.9635047999999999e-01   6.0406976000000001e-01   9.5171103000000001e-01   2.2194578000000001e-01
   2.2124999999999999e+00   1.9634931000000000e-01   6.0253246000000005e-01   9.5302922999999995e-01   2.2147217999999999e-01
   2.2187500000000000e+00   1.9633792000000000e-01   6.0058497000000000e-01   9.5436251999999999e-01   2.2115141999999999e-01
   2.2250000000000001e+00   1.9632123000000001e-01   5.9882791000000002e-01   9.5570657000000003e-01   2.2094519000000001e-01
   2.2312500000000002e+00   1.9634983000000000e-01   5.9755952000000001e-01   9.5701111999999999e-01   2.2066864000000000e-01
   2.2374999999999998e+00   1.9637431000000000e-01   5.9563657000000003e-01   9.5830214000000002e-01   2.2021025999999999e-01
   2.2437499999999999e+00   1.9636577999999999e-01   5.9359715999999996e-01   9.5961310000000000e-01   2.1973827000000001e-01
   2.2500000000000000e+00   1.9638369999999999e-01   5.9076952000000005e-01   9.6089793999999995e-01   2.1922440000000001e-01
   2.2562500000000001e+00   1.9635580999999999e-01   5.8869300000000002e-01   9.6221210000000001e-01   2.1821227000000001e-01
   2.2625000000000002e+00   1.9635316999999999e-01   5.8659700999999997e-01   9.6351708000000003e-01   2.1736755999999999e-01
   2.2687499999999998e+00   1.9637603000000001e-01   5.8465208999999996e-01   9.6479906999999998e-01   2.1676013999999999e-01
   2.2749999999999999e+00   1.9637451000000000e-01   5.8255805999999999e-01   9.6609173000000004e-01   2.1626175000000000e-01
   2.2812500000000000e+00   1.9637165000000001e-01   5.8009984999999997e-01   9.6738276000000001e-01   2.1589569000000000e-01
   2.2875000000000001e+00   1.9637013000000000e-01   5.7770476999999998e-01   9.6866664000000002e-01   2.1556004000000001e-01
   2.2937500000000002e+00   1.9635306999999999e-01   5.7601259000000005e-01   9.6996656000000003e-01   2.1526486000000000e-01
   2.2999999999999998e+00   1.9635833999999999e-01   5.7417814000000000e-01   9.7124642999999999e-01   2.1496108000000000e-01
   2.3062499999999999e+00   1.9638283000000001e-01   5.7224686999999996e-01   9.7249907999999996e-01   2.1463993000000001e-01
   2.3125000000000000e+00   1.9642061000000000e-01   5.6975195000000001e-01   9.7371209000000003e-01   2.1431908000000000e-01
   2.3187500000000001e+00   1.9639319999999999e-01   5.6712191999999995e-01   9.7496227999999996e-01   2.1373348000000000e-01
   2.3250000000000002e+00   1.9635174999999999e-01   5.6583746000000001e-01   9.7624250000000001e-01   2.1289277000000001e-01
   2.3312499999999998e+00   1.9635847000000001e-01   5.6443169999999998e-01   9.7749406000000005e-01   2.1226518999999999e-01
   2.3374999999999999e+00   1.9636276000000000e-01   5.6293099999999996e-01   9.7874576999999996e-01   2.1186203000000001e-01
   2.3437500000000000e+00   1.9637321999999999e-01   5.6143633000000004e-01   9.7999617000000006e-01   2.1161297000000001e-01
   2.3500000000000001e+00   1.9639345000000000e-01   5.6010488999999997e-01   9.8123210999999999e-01   2.1141380000000001e-01
   2.3562500000000002e+00   1.9633761999999999e-01   5.5825877000000002e-01   9.8254087000000001e-01   2.1132461999999999e-01
   2.3624999999999998e+00   1.9633312999999999e-01   5.5710620000000000e-01   9.8382214000000001e-01   2.1116240999999999e-01
   2.3687499999999999e+00   1.9635459999999999e-01   5.5535858000000005e-01   9.8507908000000000e-01   2.1095337000000000e-01
   2.3750000000000000e+00   1.9635833999999999e-01   5.5360474000000004e-01   9.8634485000000005e-01   2.1075884000000000e-01
   2.3812500000000001e+00   1.9636047000000001e-01   5.5129296999999999e-01   9.8760923000000000e-01   2.1052889999999999e-01
   2.3875000000000002e+00   1.9635056000000001e-01   5.4988484999999998e-01   9.8889284000000000e-01   2.1033655000000001e-01
   2.3937499999999998e+00   1.9636698000000000e-01   5.4766484999999998e-01   9.9015014999999995e-01   2.1013585000000001e-01
   2.3999999999999999e+00   1.9634118000000000e-01   5.4486869000000004e-01   9.9143364000000000e-01   2.0972330000000000e-01
   2.4062500000000000e+00   1.9631565000000001e-01   5.4430319999999999e-01   9.9272090999999996e-01   2.0909232999999999e-01
   2.4125000000000001e+00   1.9629874999999999e-01   5.4358536000000002e-01   9.9400467999999997e-01   2.0853256000000001e-01
   2.4187500000000002e+00   1.9630703999999999e-01   5.4275646000000000e-01   9.9526411999999997e-01   2.0809816000000000e-01
   2.4249999999999998e+00   1.9632214000000001e-01   5.4184065999999997e-01   9.9650740000000004e-01   2.0762336000000001e-01
   2.4312499999999999e+00   1.9631883999999999e-01   5.4032988000000004e-01   9.9776692000000000e-01   2.0722373999999999e-01
   2.4375000000000000e+00   1.9629178999999999e-01   5.3889695000000004e-01   9.9903902000000000e-01   2.0665168000000000e-01
   2.4437500000000001e+00   1.9631829000000001e-01   5.3765401000000002e-01   1.0002718700000000e+00   2.0611020999999999e-01
   2.4500000000000002e+00   1.9630202999999999e-01   5.3602530000000004e-01   1.0015262100000000e+00   2.0498258999999999e-01
   2.4562499999999998e+00   1.9630146000000001e-01   5.3494244999999996e-01   1.0027643700000000e+00   2.0408752999999999e-01
   2.4624999999999999e+00   1.9629780999999999e-01   5.3401392000000003e-01   1.0040082699999999e+00   2.0351126999999999e-01
   2.4687500000000000e+00   1.9629752000000000e-01   5.3318522999999995e-01   1.0052457299999999e+00   2.0311977000000001e-01
   2.4750000000000001e+00   1.9627834999999999e-01   5.3299406999999999e-01   1.0065042000000000e+00   2.0285900000000001e-01
   2.4812500000000002e+00   1.9627639999999999e-01   5.3289467000000001e-01   1.0077534200000000e+00   2.0262960999999999e-01
   2.4874999999999998e+00   1.9627428999999999e-01   5.3279531999999996e-01   1.0090014000000000e+00   2.0244649000000001e-01
   2.4937499999999999e+00   1.9629025000000000e-01   5.3261132000000000e-01   1.0102344599999999e+00   2.0229380000000000e-01
   2.5000000000000000e+00   1.9628527000000001e-01   5.3239647000000001e-01   1.0114791700000001e+00   2.0219868999999999e-01
   2.5062500000000001e+00   1.9629756000000001e-01   5.3216865000000002e-01   1.0127267900000001e+00   2.0210153000000000e-01
   2.5125000000000002e+00   1.9629226000000000e-01   5.3197475999999999e-01   1.0139826500000000e+00   2.0206834000000001e-01
   2.5187499999999998e+00   1.9628882000000000e-01   5.3170536999999995e-01   1.0152335900000000e+00   2.0205107999999999e-01
   2.5249999999999999e+00   1.9628282999999999e-01   5.3138067000000000e-01   1.0164868400000000e+00   2.0204406999999999e-01
   2.5312500000000000e+00   1.9627866999999999e-01   5.3100711000000000e-01   1.0177358500000000e+00   2.0204721000000000e-01
   2.5375000000000001e+00   1.9627052000000000e-01   5.3060300000000005e-01   1.0189934000000000e+00   2.0203529000000001e-01
   2.5437500000000002e+00   1.9628166999999999e-01   5.3016105999999996e-01   1.0202131000000001e+00   2.0198631000000000e-01
   2.5499999999999998e+00   1.9627195000000000e-01   5.2965702000000003e-01   1.0214483400000001e+00   2.0195824000000001e-01
   2.5562499999999999e+00   1.9628972000000000e-01   5.2923039999999999e-01   1.0226654900000001e+00   2.0192141999999999e-01
   2.5625000000000000e+00   1.9628756999999999e-01   5.2850339999999996e-01   1.0238974800000000e+00   2.0191516000000001e-01
   2.5687500000000001e+00   1.9629426000000000e-01   5.3014698999999998e-01   1.0251264600000001e+00   2.0191257000000001e-01
   2.5750000000000002e+00   1.9629789000000000e-01   5.3126141999999998e-01   1.0263544600000001e+00   2.0191584000000001e-01
   2.5812499999999998e+00   1.9630555000000000e-01   5.3149239999999998e-01   1.0275804300000000e+00   2.0194569000000001e-01
   2.5874999999999999e+00   1.9627631000000001e-01   5.3144769999999997e-01   1.0288350100000001e+00   2.0184619000000001e-01
   2.5937500000000000e+00   1.9631081000000000e-01   5.3121510000000005e-01   1.0300474500000001e+00   2.0165173000000000e-01
   2.6000000000000001e+00   1.9633858000000001e-01   5.3105490000000000e-01   1.0312344099999999e+00   2.0145810000000000e-01
   2.6062500000000002e+00   1.9631703000000000e-01   5.3052049999999995e-01   1.0324708499999999e+00   2.0139341999999999e-01
   2.6124999999999998e+00   1.9634173999999999e-01   5.2998480000000003e-01   1.0336524499999999e+00   2.0131774999999999e-01
   2.6187499999999999e+00   1.9634942000000000e-01   5.2947805000000003e-01   1.0348509699999999e+00   2.0132702999999999e-01
   2.6250000000000000e+00   1.9634419000000000e-01   5.2894392000000001e-01   1.0360642799999999e+00   2.0138656999999999e-01
   2.6312500000000001e+00   1.9632086000000001e-01   5.2837771000000000e-01   1.0373103500000000e+00   2.0145625000000000e-01
   2.6375000000000002e+00   1.9632835000000001e-01   5.2773519000000002e-01   1.0385329299999999e+00   2.0156317000000001e-01
   2.6437499999999998e+00   1.9630623000000000e-01   5.2721673999999996e-01   1.0397702900000001e+00   2.0160611000000001e-01
   2.6499999999999999e+00   1.9630275000000000e-01   5.2671853000000002e-01   1.0409906400000000e+00   2.0161660000000001e-01
   2.6562500000000000e+00   1.9631446000000000e-01   5.2541477000000003e-01   1.0421940100000000e+00   2.0160956999999999e-01
   2.6625000000000001e+00   1.9632210999999999e-01   5.2454787999999997e-01   1.0434044300000000e+00   2.0157439999999999e-01
   2.6687500000000002e+00   1.9631947000000000e-01   5.2406226000000000e-01   1.0446260000000001e+00   2.0152176999999999e-01
   2.6749999999999998e+00   1.9632568000000000e-01   5.2377521000000005e-01   1.0458369999999999e+00   2.0145815000000000e-01
   2.6812499999999999e+00   1.9632152999999999e-01   5.2342549999999999e-01   1.0470597300000000e+00   2.0141344000000000e-01
   2.6875000000000000e+00   1.9631839000000001e-01   5.2309125000000001e-01   1.0482849999999999e+00   2.0139804000000000e-01
   2.6937500000000001e+00   1.9633223999999999e-01   5.2081794000000003e-01   1.0495025499999999e+00   2.0139893000000000e-01
   2.7000000000000002e+00   1.9631315999999999e-01   5.2086916000000005e-01   1.0507451400000001e+00   2.0131867000000001e-01
   2.7062499999999998e+00   1.9633332000000001e-01   5.2092320999999997e-01   1.0519337200000001e+00   2.0115177000000001e-01
   2.7124999999999999e+00   1.9631061000000000e-01   5.2080342000000002e-01   1.0531738399999999e+00   2.0105085000000000e-01
   2.7187500000000000e+00   1.9630042000000000e-01   5.2068764999999995e-01   1.0544126000000000e+00   2.0101827000000000e-01
   2.7250000000000001e+00   1.9628735000000000e-01   5.2053983999999998e-01   1.0556733500000000e+00   2.0107108000000001e-01
   2.7312500000000002e+00   1.9631394999999999e-01   5.1994735999999997e-01   1.0568958200000000e+00   2.0114054000000001e-01
   2.7374999999999998e+00   1.9631966000000001e-01   5.1929798999999999e-01   1.0581313100000000e+00   2.0127081999999999e-01
   2.7437499999999999e+00   1.9631693000000000e-01   5.1875185000000001e-01   1.0593764999999999e+00   2.0140432000000000e-01
   2.7500000000000000e+00   1.9634599999999999e-01   5.1694879000000005e-01   1.0605956999999999e+00   2.0153929000000001e-01
   2.7562500000000001e+00   1.9633486000000000e-01   5.1726981000000005e-01   1.0618376899999999e+00   2.0156246999999999e-01
   2.7625000000000002e+00   1.9630417000000000e-01   5.1702112000000000e-01   1.0631013700000000e+00   2.0157990000000001e-01
   2.7687499999999998e+00   1.9633611000000001e-01   5.1664350000000003e-01   1.0642991200000000e+00   2.0148324000000001e-01
   2.7749999999999999e+00   1.9631599000000000e-01   5.1601474999999997e-01   1.0655362600000000e+00   2.0144776000000000e-01
   2.7812500000000000e+00   1.9636302999999999e-01   5.1595701000000005e-01   1.0666998299999999e+00   2.0132433999999999e-01
   2.7875000000000001e+00   1.9636108999999999e-01   5.1590968999999998e-01   1.0678947100000000e+00   2.0114946000000000e-01
   2.7937500000000002e+00   1.9633443000000000e-01   5.1535684999999998e-01   1.0691277900000000e+00   2.0100183999999999e-01
   2.7999999999999998e+00   1.9632884000000000e-01   5.1470956000000001e-01   1.0703438800000000e+00   2.0090478000000001e-01
   2.8062499999999999e+00   1.9636084000000001e-01   5.1231046000000002e-01   1.0715356899999999e+00   2.0086181000000000e-01
   2.8125000000000000e+00   1.9631562999999999e-01   5.1076889999999997e-01   1.0727971199999999e+00   2.0075723000000001e-01
   2.8187500000000001e+00   1.9631846000000000e-01   5.0994693999999996e-01   1.0740234799999999e+00   2.0062653999999999e-01
   2.8250000000000002e+00   1.9630281999999999e-01   5.0928368000000002e-01   1.0752683800000000e+00   2.0052754000000000e-01
   2.8312499999999998e+00   1.9630411000000000e-01   5.0867256000000005e-01   1.0764892699999999e+00   2.0044405000000001e-01
   2.8374999999999999e+00   1.9630898999999999e-01   5.0810458000000003e-01   1.0777059499999999e+00   2.0027366999999999e-01
   2.8437500000000000e+00   1.9628014999999999e-01   5.0707385000000005e-01   1.0789667900000000e+00   2.0017557000000000e-01
   2.8500000000000001e+00   1.9628778999999999e-01   5.1035346999999998e-01   1.0802025200000001e+00   2.0007243999999999e-01
   2.8562500000000002e+00   1.9628238000000001e-01   5.1112703999999998e-01   1.0814472900000001e+00   2.0000697000000001e-01
   2.8624999999999998e+00   1.9626883000000001e-01   5.1172571000000000e-01   1.0827032999999999e+00   1.9996195999999999e-01
   2.8687499999999999e+00   1.9626811000000000e-01   5.1235849000000000e-01   1.0839338300000001e+00   1.9988244999999999e-01
   2.8750000000000000e+00   1.9626785999999999e-01   5.1318600000000003e-01   1.0851634100000001e+00   1.9980972999999999e-01
   2.8812500000000001e+00   1.9626263999999999e-01   5.1361084999999995e-01   1.0863959999999999e+00   1.9970929000000001e-01
   2.8875000000000002e+00   1.9626567000000000e-01   5.1546948999999997e-01   1.0876224299999999e+00   1.9964066000000000e-01
   2.8937499999999998e+00   1.9626316999999999e-01   5.1714238999999995e-01   1.0888501399999999e+00   1.9958392000000000e-01
   2.8999999999999999e+00   1.9626446000000000e-01   5.1876471999999996e-01   1.0900678200000000e+00   1.9951837000000000e-01
   2.9062500000000000e+00   1.9625581000000000e-01   5.1985771000000003e-01   1.0912978499999999e+00   1.9933904999999999e-01
   2.9125000000000001e+00   1.9626826999999999e-01   5.2062165999999999e-01   1.0925216799999999e+00   1.9917030999999999e-01
   2.9187500000000002e+00   1.9627072000000001e-01   5.2110548000000001e-01   1.0937627000000001e+00   1.9907931000000001e-01
   2.9249999999999998e+00   1.9623333000000001e-01   5.2107238000000000e-01   1.0950635799999999e+00   1.9895365000000001e-01
   2.9312499999999999e+00   1.9623191000000001e-01   5.2098339000000005e-01   1.0963414499999999e+00   1.9881526999999999e-01
   2.9375000000000000e+00   1.9627072000000001e-01   5.2099715999999996e-01   1.0975422800000001e+00   1.9869871000000000e-01
   2.9437500000000001e+00   1.9627264000000000e-01   5.2012471999999998e-01   1.0987710300000000e+00   1.9866163000000001e-01
   2.9500000000000002e+00   1.9627870000000000e-01   5.1942668999999997e-01   1.0999896700000000e+00   1.9861464000000001e-01
   2.9562499999999998e+00   1.9625023000000000e-01   5.1913509000000002e-01   1.1012826899999999e+00   1.9864224000000000e-01
   2.9624999999999999e+00   1.9626898000000001e-01   5.2104200000000001e-01   1.1025134200000000e+00   1.9866254000000000e-01
   2.9687500000000000e+00   1.9628111000000001e-01   5.2162414000000001e-01   1.1037361500000000e+00   1.9872334000000000e-01
   2.9750000000000001e+00   1.9628529000000000e-01   5.2198665000000000e-01   1.1049648500000000e+00   1.9882817000000000e-01
   2.9812500000000002e+00   1.9628772999999999e-01   5.2238026999999998e-01   1.1061835700000000e+00   1.9891887999999999e-01
   2.9874999999999998e+00   1.9629574000000000e-01   5.2395305000000003e-01   1.1073968000000001e+00   1.9897098999999999e-01
   2.9937499999999999e+00   1.9629464999999999e-01   5.2426658000000004e-01   1.1086257300000000e+00   1.9900553000000001e-01
   3.0000000000000000e+00   1.9628129000000000e-01   5.2419030000000000e-01   1.1098663499999999e+00   1.9901158999999999e-01
