   1.2500000000000001e-02   1.9597543000000001e-01   9.9958205000000000e-01   5.0029977000000003e-01   3.7582499999999999e-03
   2.5000000000000001e-02   1.9598600999999999e-01   9.9951911999999998e-01   5.0059445000000002e-01   1.0134110000000000e-02
   3.7499999999999999e-02   1.9598143000000001e-01   9.9941663000000003e-01   5.0094134000000001e-01   1.7669910000000000e-02
   5.0000000000000003e-02   1.9596837000000000e-01   9.9927343000000002e-01   5.0132228999999995e-01   2.5520049999999999e-02
   6.2500000000000000e-02   1.9595937999999999e-01   9.9911183999999997e-01   5.0173793000000000e-01   3.3335249999999997e-02
   7.4999999999999997e-02   1.9595693000000000e-01   9.9895887000000005e-01   5.0219535999999998e-01   4.0992430000000003e-02
   8.7499999999999994e-02   1.9596290999999999e-01   9.9883122000000002e-01   5.0270988000000005e-01   4.8509740000000003e-02
   1.0000000000000001e-01   1.9597104000000001e-01   9.9872894000000001e-01   5.0329000999999995e-01   5.5887279999999998e-02
   1.1250000000000000e-01   1.9598146999999999e-01   9.9865660000000001e-01   5.0393608999999995e-01   6.3133129999999996e-02
   1.2500000000000000e-01   1.9600295000000001e-01   9.9862963999999999e-01   5.0463564000000005e-01   7.0262019999999994e-02
   1.3750000000000001e-01   1.9600814000000000e-01   9.9859695000000004e-01   5.0540821999999996e-01   7.7170719999999998e-02
   1.4999999999999999e-01   1.9598154000000001e-01   9.9851376000000003e-01   5.0629102000000004e-01   8.3885790000000002e-02
   1.6250000000000001e-01   1.9597417000000000e-01   9.9845086999999999e-01   5.0726028000000001e-01   9.0548169999999997e-02
   1.7499999999999999e-01   1.9604342000000000e-01   9.9857848999999999e-01   5.0827889000000004e-01   9.7179329999999994e-02
   1.8750000000000000e-01   1.9602084000000000e-01   9.9869827000000000e-01   5.0939994000000000e-01   1.0383335000000000e-01
   2.0000000000000001e-01   1.9601783000000000e-01   9.9876200000000004e-01   5.1060183000000003e-01   1.1046652999999999e-01
   2.1249999999999999e-01   1.9602057000000001e-01   9.9878697000000005e-01   5.1187464999999999e-01   1.1704588000000000e-01
   2.2500000000000001e-01   1.9604075000000001e-01   9.9881865000000003e-01   5.1319621000000004e-01   1.2353486000000000e-01
   2.3749999999999999e-01   1.9603107000000000e-01   9.9874958999999996e-01   5.1460090999999997e-01   1.2989579000000001e-01
   2.5000000000000000e-01   1.9604084999999999e-01   9.9868648000000004e-01   5.1607959000000003e-01   1.3616155999999999e-01
   2.6250000000000001e-01   1.9607205000000000e-01   9.9868018000000003e-01   5.1760337999999995e-01   1.4231197000000001e-01
   2.7500000000000002e-01   1.9606620000000000e-01   9.9857808999999997e-01   5.1920873000000001e-01   1.4838190000000001e-01
   2.8749999999999998e-01   1.9609926999999999e-01   9.9856803999999999e-01   5.2084606000000000e-01   1.5433631000000000e-01
   2.9999999999999999e-01   1.9605460000000000e-01   9.9844379999999999e-01   5.2261806000000000e-01   1.5987361999999999e-01
   3.1250000000000000e-01   1.9604709000000001e-01   9.9832085000000004e-01   5.2447202999999998e-01   1.6534651000000000e-01
   3.2500000000000001e-01   1.9606804999999999e-01   9.9826501000000001e-01   5.2639502999999999e-01   1.7089636000000000e-01
   3.3750000000000002e-01   1.9610610000000001e-01   9.9811998000000002e-01   5.2835553000000002e-01   1.7637578000000001e-01
   3.4999999999999998e-01   1.9602411000000000e-01   9.9813545999999997e-01   5.3047148000000000e-01   1.8105394000000000e-01
   3.6249999999999999e-01   1.9598320999999999e-01   9.9827655000000004e-01   5.3268486999999998e-01   1.8573648000000001e-01
   3.7500000000000000e-01   1.9600177999999999e-01   9.9834674999999995e-01   5.3492481000000003e-01   1.9052052999999999e-01
   3.8750000000000001e-01   1.9599285000000000e-01   9.9834423999999999e-01   5.3721198999999997e-01   1.9525533000000000e-01
   4.0000000000000002e-01   1.9600223999999999e-01   9.9833616999999997e-01   5.3953094999999995e-01   1.9982211000000000e-01
   4.1249999999999998e-01   1.9603777000000000e-01   9.9838196999999995e-01   5.4185808999999996e-01   2.0423356000000001e-01
   4.2499999999999999e-01   1.9605977999999999e-01   9.9847039000000004e-01   5.4420420000000003e-01   2.0855425999999999e-01
   4.3750000000000000e-01   1.9603627000000001e-01   9.9843113999999999e-01   5.4661707999999998e-01   2.1276597000000000e-01
   4.5000000000000001e-01   1.9607215000000000e-01   9.9839272999999995e-01   5.4903093999999997e-01   2.1681189000000001e-01
   4.6250000000000002e-01   1.9612603000000001e-01   9.9836733000000000e-01   5.5141008000000002e-01   2.2076794000000000e-01
   4.7499999999999998e-01   1.9605963000000001e-01   9.9815140000000002e-01   5.5390046000000004e-01   2.2419249999999999e-01
   4.8749999999999999e-01   1.9606230999999999e-01   9.9793217999999995e-01   5.5643383000000002e-01   2.2759072000000000e-01
   5.0000000000000000e-01   1.9608856000000000e-01   9.9763535999999997e-01   5.5899865000000004e-01   2.3096570999999999e-01
   5.1249999999999996e-01   1.9606528000000001e-01   9.9733417999999996e-01   5.6166114000000000e-01   2.3370801999999999e-01
   5.2500000000000002e-01   1.9610061000000001e-01   9.9630971999999995e-01   5.6433802000000000e-01   2.3633977000000000e-01
   5.3749999999999998e-01   1.9603635999999999e-01   9.9588966000000001e-01   5.6713294999999997e-01   2.3830921999999999e-01
   5.5000000000000004e-01   1.9603740000000000e-01   9.9570208999999998e-01   5.6995898000000000e-01   2.4037153000000000e-01
   5.6250000000000000e-01   1.9605146000000001e-01   9.9504988000000005e-01   5.7280363999999995e-01   2.4250752000000000e-01
   5.7499999999999996e-01   1.9605344999999999e-01   9.9421576000000000e-01   5.7567018000000003e-01   2.4451202000000000e-01
   5.8750000000000002e-01   1.9611700000000001e-01   9.9353296999999996e-01   5.7848834000000005e-01   2.4635958999999999e-01
   5.9999999999999998e-01   1.9615563999999999e-01   9.9265490999999995e-01   5.8129352000000001e-01   2.4799739000000001e-01
   6.1250000000000004e-01   1.9616185000000000e-01   9.9157656999999999e-01   5.8412874000000004e-01   2.4956055999999999e-01
   6.2500000000000000e-01   1.9621414000000001e-01   9.9048866000000002e-01   5.8693090000000003e-01   2.5127697999999998e-01
   6.3749999999999996e-01   1.9620029999999999e-01   9.8917887999999998e-01   5.8976779000000001e-01   2.5309018000000000e-01
   6.5000000000000002e-01   1.9604305999999999e-01   9.8753882000000004e-01   5.9278527999999997e-01   2.5350866000000000e-01
   6.6249999999999998e-01   1.9600708999999999e-01   9.8572945999999995e-01   5.9583670000000000e-01   2.5351209000000002e-01
   6.7500000000000004e-01   1.9604088000000000e-01   9.8380491000000003e-01   5.9884804000000003e-01   2.5373639999999997e-01
   6.8750000000000000e-01   1.9597333000000000e-01   9.8155168999999998e-01   6.0192062999999996e-01   2.5415704000000000e-01
   6.9999999999999996e-01   1.9597690000000001e-01   9.7929549000000005e-01   6.0497959999999995e-01   2.5446153999999999e-01
   7.1250000000000002e-01   1.9598287000000000e-01   9.7696280999999996e-01   6.0802102000000002e-01   2.5472035999999998e-01
   7.2499999999999998e-01   1.9601130000000000e-01   9.7459158999999995e-01   6.1102414999999999e-01   2.5498004000000002e-01
   7.3750000000000004e-01   1.9608412000000000e-01   9.7213221999999999e-01   6.1395438000000002e-01   2.5530549000000002e-01
   7.5000000000000000e-01   1.9611856000000000e-01   9.6950902999999999e-01   6.1685515999999996e-01   2.5569518000000002e-01
   7.6249999999999996e-01   1.9614438000000001e-01   9.6667670999999999e-01   6.1976279999999995e-01   2.5605865999999999e-01
   7.7500000000000002e-01   1.9620897000000001e-01   9.6378942000000001e-01   6.2262048000000003e-01   2.5628906000000001e-01
   7.8749999999999998e-01   1.9612619000000001e-01   9.6050327000000002e-01   6.2556047999999997e-01   2.5591619999999998e-01
   8.0000000000000004e-01   1.9609320999999999e-01   9.5708062999999999e-01   6.2852514999999998e-01   2.5547950000000003e-01
   8.1250000000000000e-01   1.9609039000000000e-01   9.5374650999999999e-01   6.3149370000000005e-01   2.5513650999999998e-01
   8.2499999999999996e-01   1.9610343000000000e-01   9.5008020999999998e-01   6.3444453000000001e-01   2.5457848000000000e-01
   8.3750000000000002e-01   1.9608714999999999e-01   9.4666439999999996e-01   6.3741544999999999e-01   2.5379858999999999e-01
   8.4999999999999998e-01   1.9607039000000001e-01   9.4342367000000005e-01   6.4041577000000005e-01   2.5302632000000003e-01
   8.6250000000000004e-01   1.9602836000000001e-01   9.4022960000000000e-01   6.4344431000000002e-01   2.5156879999999998e-01
   8.7500000000000000e-01   1.9602217999999999e-01   9.3679076999999999e-01   6.4647536999999999e-01   2.5022510999999997e-01
   8.8749999999999996e-01   1.9601838999999999e-01   9.3315462000000005e-01   6.4948950000000005e-01   2.4917623000000000e-01
   9.0000000000000002e-01   1.9599614000000001e-01   9.2932400000000004e-01   6.5250048000000005e-01   2.4817832000000001e-01
   9.1249999999999998e-01   1.9599004000000000e-01   9.2552045999999999e-01   6.5548761000000000e-01   2.4729780000000001e-01
   9.2500000000000004e-01   1.9599459000000000e-01   9.2173596999999996e-01   6.5844681999999999e-01   2.4650674000000000e-01
   9.3750000000000000e-01   1.9599622000000000e-01   9.1790477000000004e-01   6.6138118000000001e-01   2.4576402000000000e-01
   9.4999999999999996e-01   1.9600801000000001e-01   9.1394562000000001e-01   6.6428456999999996e-01   2.4500374999999999e-01
   9.6250000000000002e-01   1.9596369000000000e-01   9.1016262000000003e-01   6.6720816000000005e-01   2.4429719999999999e-01
   9.7499999999999998e-01   1.9598139000000001e-01   9.0628304999999998e-01   6.7009068000000005e-01   2.4355310999999999e-01
   9.8750000000000004e-01   1.9598995999999999e-01   9.0220199999999995e-01   6.7295260000000001e-01   2.4264188000000000e-01
   1.0000000000000000e+00   1.9602354999999999e-01   8.9804066999999999e-01   6.7579343999999997e-01   2.4178072000000000e-01
   1.0125000000000000e+00   1.9601425000000000e-01   8.9385135000000004e-01   6.7864175000000004e-01   2.4102101000000001e-01
   1.0249999999999999e+00   1.9604108000000001e-01   8.8960691000000003e-01   6.8146150000000005e-01   2.4032930999999999e-01
   1.0375000000000001e+00   1.9605671000000000e-01   8.8549812999999999e-01   6.8426456000000002e-01   2.3974619999999999e-01
   1.0500000000000000e+00   1.9604547000000000e-01   8.8121525000000001e-01   6.8708294999999997e-01   2.3914795000000000e-01
   1.0625000000000000e+00   1.9606573999999999e-01   8.7699223999999998e-01   6.8987911999999996e-01   2.3852433000000001e-01
   1.0750000000000000e+00   1.9606815999999999e-01   8.7278458000000003e-01   6.9267860000000003e-01   2.3799132000000001e-01
   1.0874999999999999e+00   1.9609417000000001e-01   8.6872541999999997e-01   6.9545323000000003e-01   2.3755446999999999e-01
   1.1000000000000001e+00   1.9609927999999999e-01   8.6440558999999995e-01   6.9820433000000004e-01   2.3725648999999999e-01
   1.1125000000000000e+00   1.9601355000000001e-01   8.6033990000000005e-01   7.0104496999999999e-01   2.3628120999999999e-01
   1.1250000000000000e+00   1.9598498000000000e-01   8.5657720999999998e-01   7.0389089000000005e-01   2.3518020000000001e-01
   1.1375000000000000e+00   1.9597101000000000e-01   8.5288978000000004e-01   7.0673048000000005e-01   2.3422767999999999e-01
   1.1499999999999999e+00   1.9596736000000001e-01   8.4924456000000004e-01   7.0955067999999999e-01   2.3332343999999999e-01
   1.1625000000000001e+00   1.9597497000000000e-01   8.4558469000000003e-01   7.1233431000000003e-01   2.3255157000000001e-01
   1.1750000000000000e+00   1.9597265999999999e-01   8.4187250000000002e-01   7.1509769999999995e-01   2.3186709999999999e-01
   1.1875000000000000e+00   1.9595810000000000e-01   8.3822596000000005e-01   7.1784716000000004e-01   2.3128066000000000e-01
   1.2000000000000000e+00   1.9599305000000000e-01   8.3451200000000003e-01   7.2052976999999996e-01   2.3071738000000000e-01
   1.2124999999999999e+00   1.9596620000000001e-01   8.3093541999999998e-01   7.2323981999999998e-01   2.3024734999999999e-01
   1.2250000000000001e+00   1.9593795999999999e-01   8.2738272000000002e-01   7.2597917000000001e-01   2.2974215000000001e-01
   1.2375000000000000e+00   1.9597081000000000e-01   8.2402770000000003e-01   7.2868765999999996e-01   2.2931700999999999e-01
   1.2500000000000000e+00   1.9595218000000000e-01   8.2051706999999996e-01   7.3142803000000001e-01   2.2900904000000000e-01
   1.2625000000000000e+00   1.9596696999999999e-01   8.1721213000000004e-01   7.3415693999999998e-01   2.2871432999999999e-01
   1.2749999999999999e+00   1.9598666000000001e-01   8.1377827999999996e-01   7.3687879000000001e-01   2.2845180000000001e-01
   1.2875000000000001e+00   1.9599184000000000e-01   8.1036982999999996e-01   7.3961602999999998e-01   2.2825860000000001e-01
   1.3000000000000000e+00   1.9599095999999999e-01   8.0690351000000005e-01   7.4236011000000002e-01   2.2781398999999999e-01
   1.3125000000000000e+00   1.9597729999999999e-01   8.0349638999999995e-01   7.4511393000000004e-01   2.2741078000000001e-01
   1.3250000000000000e+00   1.9599266000000001e-01   8.0014927999999996e-01   7.4784225000000004e-01   2.2710103000000001e-01
   1.3374999999999999e+00   1.9601173999999999e-01   7.9686570999999995e-01   7.5055934999999996e-01   2.2692019999999999e-01
   1.3500000000000001e+00   1.9603635000000000e-01   7.9362697999999998e-01   7.5324093999999997e-01   2.2685510000000000e-01
   1.3625000000000000e+00   1.9605413999999999e-01   7.9027798999999999e-01   7.5590051000000003e-01   2.2690619000000001e-01
   1.3750000000000000e+00   1.9603862000000000e-01   7.8687344000000004e-01   7.5855642999999995e-01   2.2704372000000000e-01
   1.3875000000000000e+00   1.9604307000000001e-01   7.8345063999999998e-01   7.6118918000000002e-01   2.2727435000000001e-01
   1.3999999999999999e+00   1.9615199999999999e-01   7.7978148000000003e-01   7.6368088000000001e-01   2.2749154999999999e-01
   1.4125000000000001e+00   1.9607595999999999e-01   7.7637630000000002e-01   7.6625308999999997e-01   2.2768898000000001e-01
   1.4250000000000000e+00   1.9603391000000001e-01   7.7277921000000005e-01   7.6884103999999998e-01   2.2772477999999999e-01
   1.4375000000000000e+00   1.9602712999999999e-01   7.6931234999999998e-01   7.7142337000000005e-01   2.2770962000000000e-01
   1.4500000000000000e+00   1.9602753000000001e-01   7.6580780999999998e-01   7.7400855000000002e-01   2.2773888000000000e-01
   1.4624999999999999e+00   1.9604297000000001e-01   7.6226711000000003e-01   7.7660737000000002e-01   2.2794151000000001e-01
   1.4750000000000001e+00   1.9605711000000001e-01   7.5868977000000004e-01   7.7921552999999999e-01   2.2825817000000001e-01
   1.4875000000000000e+00   1.9605928000000000e-01   7.5513061999999997e-01   7.8183497000000002e-01   2.2862397000000001e-01
   1.5000000000000000e+00   1.9610268000000000e-01   7.5141004000000000e-01   7.8441569000000000e-01   2.2900606000000001e-01
   1.5125000000000000e+00   1.9611016000000001e-01   7.4774224000000000e-01   7.8700466000000002e-01   2.2890875999999999e-01
   1.5249999999999999e+00   1.9603133000000000e-01   7.4445885999999994e-01   7.8970107000000000e-01   2.2827110000000000e-01
   1.5375000000000001e+00   1.9599678000000001e-01   7.4127080000000001e-01   7.9243450000000004e-01   2.2779537000000000e-01
   1.5500000000000000e+00   1.9600076000000000e-01   7.3839429999999995e-01   7.9516671000000005e-01   2.2763217999999999e-01
   1.5625000000000000e+00   1.9599678000000001e-01   7.3558984999999999e-01   7.9789412000000004e-01   2.2770804000000000e-01
   1.5750000000000000e+00   1.9600089000000001e-01   7.3285803000000005e-01   8.0061799000000000e-01   2.2789957000000000e-01
   1.5874999999999999e+00   1.9600893000000000e-01   7.3021475000000002e-01   8.0333211999999998e-01   2.2817067999999999e-01
   1.6000000000000001e+00   1.9601081000000001e-01   7.2755002999999996e-01   8.0604869000000001e-01   2.2852028999999999e-01
   1.6125000000000000e+00   1.9601389000000000e-01   7.2467539000000003e-01   8.0873678999999998e-01   2.2900271999999999e-01
   1.6250000000000000e+00   1.9604927999999999e-01   7.2241398999999995e-01   8.1136839000000005e-01   2.2939967000000000e-01
   1.6375000000000000e+00   1.9610073000000000e-01   7.2019270000000002e-01   8.1392978000000005e-01   2.2959672000000000e-01
   1.6499999999999999e+00   1.9607126999999999e-01   7.1758177000000001e-01   8.1651573000000000e-01   2.2966800000000001e-01
   1.6625000000000001e+00   1.9605991000000000e-01   7.1470628999999997e-01   8.1909016000000001e-01   2.2971865999999999e-01
   1.6750000000000000e+00   1.9604845000000001e-01   7.1175854999999999e-01   8.2169349999999997e-01   2.2985553000000000e-01
   1.6875000000000000e+00   1.9604073999999999e-01   7.0904391000000000e-01   8.2430587000000000e-01   2.3003148000000001e-01
   1.7000000000000000e+00   1.9604363000000000e-01   7.0603833999999999e-01   8.2693538000000000e-01   2.3040736000000001e-01
   1.7124999999999999e+00   1.9605051000000001e-01   7.0301886999999996e-01   8.2957616999999995e-01   2.3089430999999999e-01
   1.7250000000000001e+00   1.9606035999999999e-01   6.9999056999999998e-01   8.3223475000000002e-01   2.3143572000000001e-01
   1.7375000000000000e+00   1.9604763000000000e-01   6.9693950999999998e-01   8.3491647999999996e-01   2.3206927999999999e-01
   1.7500000000000000e+00   1.9607283000000000e-01   6.9403356999999999e-01   8.3759052000000001e-01   2.3282795000000001e-01
   1.7625000000000000e+00   1.9607295999999999e-01   6.9119991000000003e-01   8.4028762999999995e-01   2.3378727999999999e-01
   1.7749999999999999e+00   1.9610131000000000e-01   6.8843947999999999e-01   8.4297109000000003e-01   2.3481292000000001e-01
   1.7875000000000001e+00   1.9611783999999999e-01   6.8580414000000001e-01   8.4565431000000002e-01   2.3595115000000000e-01
   1.8000000000000000e+00   1.9617441999999999e-01   6.8291798000000004e-01   8.4827374000000000e-01   2.3714869999999999e-01
   1.8125000000000000e+00   1.9617888000000000e-01   6.8070028999999999e-01   8.5092897999999995e-01   2.3824621000000001e-01
   1.8250000000000000e+00   1.9612494000000000e-01   6.7791369999999995e-01   8.5369609999999996e-01   2.3882450999999999e-01
   1.8374999999999999e+00   1.9599564999999999e-01   6.7517864000000005e-01   8.5659567000000003e-01   2.3939526999999999e-01
   1.8500000000000001e+00   1.9589675000000001e-01   6.7297249000000003e-01   8.5956560000000004e-01   2.3967074999999999e-01
   1.8625000000000000e+00   1.9601863999999999e-01   6.7156457000000003e-01   8.6237142000000000e-01   2.3939311999999999e-01
   1.8750000000000000e+00   1.9597874000000001e-01   6.7044625999999996e-01   8.6521062000000004e-01   2.3918012000000000e-01
   1.8875000000000000e+00   1.9596443000000000e-01   6.6877436999999995e-01   8.6803452000000003e-01   2.3894267000000000e-01
   1.8999999999999999e+00   1.9600798000000000e-01   6.6694569999999997e-01   8.7079220999999996e-01   2.3847977000000001e-01
   1.9125000000000001e+00   1.9598857000000000e-01   6.6529143000000002e-01   8.7357056000000000e-01   2.3813414999999999e-01
   1.9250000000000000e+00   1.9600318000000000e-01   6.6330480000000003e-01   8.7634659999999998e-01   2.3804158000000000e-01
   1.9375000000000000e+00   1.9605096000000000e-01   6.6077056999999995e-01   8.7910438000000002e-01   2.3821724999999999e-01
   1.9500000000000000e+00   1.9606610999999999e-01   6.5853936000000002e-01   8.8188042000000000e-01   2.3865320000000001e-01
   1.9624999999999999e+00   1.9616594000000001e-01   6.5585974999999996e-01   8.8454577000000001e-01   2.3905971000000001e-01
   1.9750000000000001e+00   1.9614780000000001e-01   6.5463252000000005e-01   8.8728140000000000e-01   2.3951486000000000e-01
   1.9875000000000000e+00   1.9607245000000001e-01   6.5218748999999998e-01   8.9010659000000003e-01   2.3970130000000001e-01
   2.0000000000000000e+00   1.9604820000000001e-01   6.4723483000000004e-01   8.9295252999999997e-01   2.3944451999999999e-01
   2.0125000000000002e+00   1.9599928999999999e-01   6.4567094999999997e-01   8.9584697999999996e-01   2.3820015999999999e-01
   2.0249999999999999e+00   1.9605321000000001e-01   6.4172887999999995e-01   8.9865437999999997e-01   2.3644680000000001e-01
   2.0375000000000001e+00   1.9609360000000001e-01   6.3996019999999998e-01   9.0140604999999996e-01   2.3430260000000000e-01
   2.0499999999999998e+00   1.9617290000000001e-01   6.3678933000000004e-01   9.0408069000000002e-01   2.3246729999999999e-01
   2.0625000000000000e+00   1.9615418000000001e-01   6.3404137000000005e-01   9.0677426999999999e-01   2.3094015000000001e-01
   2.0750000000000002e+00   1.9612669999999999e-01   6.3166588999999995e-01   9.0943415000000005e-01   2.2960480999999999e-01
   2.0874999999999999e+00   1.9612281000000001e-01   6.2875561000000002e-01   9.1204410000000002e-01   2.2841346000000001e-01
   2.1000000000000001e+00   1.9621698000000001e-01   6.2485192000000001e-01   9.1454047000000005e-01   2.2732870999999999e-01
   2.1124999999999998e+00   1.9619769000000001e-01   6.2109650999999999e-01   9.1705636000000001e-01   2.2635137000000000e-01
   2.1250000000000000e+00   1.9608655999999999e-01   6.1935426000000005e-01   9.1963881000000003e-01   2.2446700999999999e-01
   2.1375000000000002e+00   1.9608260999999999e-01   6.1715189999999998e-01   9.2216496999999997e-01   2.2258765000000000e-01
   2.1499999999999999e+00   1.9611758000000001e-01   6.1423243000000005e-01   9.2465423999999996e-01   2.2106395000000001e-01
   2.1625000000000001e+00   1.9615774000000000e-01   6.0979642000000001e-01   9.2713661999999997e-01   2.1992080000000000e-01
   2.1749999999999998e+00   1.9621295000000000e-01   6.0434191999999998e-01   9.2959603999999996e-01   2.1899024000000000e-01
   2.1875000000000000e+00   1.9621962000000001e-01   6.0088522000000000e-01   9.3208097999999995e-01   2.1802427999999999e-01
   2.2000000000000002e+00   1.9617415999999999e-01   5.9996795999999997e-01   9.3460136999999999e-01   2.1715427000000001e-01
   2.2124999999999999e+00   1.9616602999999999e-01   5.9847077999999998e-01   9.3710625999999997e-01   2.1641152000000000e-01
   2.2250000000000001e+00   1.9612719000000001e-01   5.9617339999999996e-01   9.3962906999999996e-01   2.1580224000000001e-01
   2.2374999999999998e+00   1.9611724000000000e-01   5.8990211000000004e-01   9.4213606999999999e-01   2.1517757000000001e-01
   2.2500000000000000e+00   1.9620625999999999e-01   5.8452899000000003e-01   9.4454545000000001e-01   2.1386262000000000e-01
   2.2625000000000002e+00   1.9633656999999999e-01   5.8331102999999995e-01   9.4686767000000005e-01   2.1218123999999999e-01
   2.2749999999999999e+00   1.9629986999999999e-01   5.8249503000000002e-01   9.4928192000000000e-01   2.1075684000000000e-01
   2.2875000000000001e+00   1.9623202000000001e-01   5.8033871000000004e-01   9.5175597999999995e-01   2.0970003000000001e-01
   2.2999999999999998e+00   1.9623391000000001e-01   5.7492529999999997e-01   9.5419551999999996e-01   2.0877477000000000e-01
   2.3125000000000000e+00   1.9621490999999999e-01   5.6678251999999996e-01   9.5658135000000000e-01   2.0779216000000000e-01
   2.3250000000000002e+00   1.9607514000000001e-01   5.6439035999999998e-01   9.5906232999999996e-01   2.0693939000000000e-01
   2.3374999999999999e+00   1.9603170000000000e-01   5.6362363999999998e-01   9.6149684000000002e-01   2.0605639000000001e-01
   2.3500000000000001e+00   1.9603648000000001e-01   5.6239019000000001e-01   9.6390361999999996e-01   2.0531500000000000e-01
   2.3624999999999998e+00   1.9601845000000001e-01   5.6224120000000000e-01   9.6626292000000003e-01   2.0462048999999999e-01
   2.3750000000000000e+00   1.9595818000000001e-01   5.5201206000000003e-01   9.6866043000000002e-01   2.0397928000000001e-01
   2.3875000000000002e+00   1.9599301000000000e-01   5.4363751999999999e-01   9.7101373000000002e-01   2.0325823000000001e-01
   2.3999999999999999e+00   1.9594922000000001e-01   5.4222369999999998e-01   9.7344925999999998e-01   2.0244459000000001e-01
   2.4125000000000001e+00   1.9596836000000001e-01   5.4168174999999996e-01   9.7587427999999998e-01   2.0174813000000000e-01
   2.4249999999999998e+00   1.9604136999999999e-01   5.4087317000000001e-01   9.7818760999999999e-01   2.0108564000000001e-01
   2.4375000000000000e+00   1.9596801999999999e-01   5.4042000999999995e-01   9.8060912000000000e-01   2.0039861000000000e-01
   2.4500000000000002e+00   1.9602432000000000e-01   5.3977476000000002e-01   9.8297106000000001e-01   1.9968553000000000e-01
   2.4624999999999999e+00   1.9604474999999999e-01   5.3869688000000004e-01   9.8535947000000002e-01   1.9921781999999999e-01
   2.4750000000000001e+00   1.9606705999999999e-01   5.3459751000000000e-01   9.8773880000000003e-01   1.9868904000000001e-01
   2.4874999999999998e+00   1.9607382000000001e-01   5.2910407000000004e-01   9.9013735000000003e-01   1.9801192000000001e-01
   2.5000000000000000e+00   1.9598771000000001e-01   5.2730507999999998e-01   9.9258707999999995e-01   1.9711437000000001e-01
   2.5125000000000002e+00   1.9599874000000000e-01   5.2617795999999994e-01   9.9496702999999997e-01   1.9623483000000000e-01
   2.5249999999999999e+00   1.9600746999999999e-01   5.2505645000000001e-01   9.9731747000000004e-01   1.9544221000000001e-01
   2.5375000000000001e+00   1.9601505000000000e-01   5.2292061999999995e-01   9.9964828999999999e-01   1.9461750000000000e-01
   2.5499999999999998e+00   1.9603807000000001e-01   5.2042352000000003e-01   1.0019316800000000e+00   1.9397246000000001e-01
   2.5625000000000000e+00   1.9602074000000000e-01   5.1735765000000000e-01   1.0042225400000000e+00   1.9336744000000000e-01
   2.5750000000000002e+00   1.9598941000000000e-01   5.1415624999999998e-01   1.0065064600000000e+00   1.9291712000000000e-01
   2.5874999999999999e+00   1.9595671000000001e-01   5.1109996000000002e-01   1.0087814900000001e+00   1.9255506000000000e-01
   2.6000000000000001e+00   1.9596137000000000e-01   5.0813220999999997e-01   1.0110267700000000e+00   1.9221399000000000e-01
   2.6124999999999998e+00   1.9599565999999999e-01   5.0546756999999998e-01   1.0132633499999999e+00   1.9182537000000000e-01
   2.6250000000000000e+00   1.9599050000000001e-01   5.0344045000000004e-01   1.0155376300000001e+00   1.9134736999999999e-01
   2.6375000000000002e+00   1.9600843000000001e-01   5.0147653999999997e-01   1.0178177300000000e+00   1.9096716000000000e-01
   2.6499999999999999e+00   1.9601947000000000e-01   4.9944243999999999e-01   1.0201157100000000e+00   1.9068109000000000e-01
   2.6625000000000001e+00   1.9602823000000000e-01   4.9743502000000001e-01   1.0224224300000000e+00   1.9045851999999999e-01
   2.6749999999999998e+00   1.9605880000000001e-01   4.9528676999999999e-01   1.0247245199999999e+00   1.9028428999999999e-01
   2.6875000000000000e+00   1.9603999999999999e-01   4.9305884999999999e-01   1.0270850899999999e+00   1.9006985000000001e-01
   2.7000000000000002e+00   1.9596453000000000e-01   4.9238238000000001e-01   1.0294576900000001e+00   1.8974671000000001e-01
   2.7124999999999999e+00   1.9590964000000000e-01   4.9156868999999997e-01   1.0318592799999999e+00   1.8941795000000000e-01
   2.7250000000000001e+00   1.9594893999999999e-01   4.9021366000000000e-01   1.0341735299999999e+00   1.8923134000000000e-01
   2.7374999999999998e+00   1.9594643000000000e-01   4.8688346999999998e-01   1.0365143100000000e+00   1.8924007000000001e-01
   2.7500000000000000e+00   1.9592396000000001e-01   4.8679362999999998e-01   1.0388960800000000e+00   1.8936459000000000e-01
   2.7625000000000002e+00   1.9594379000000001e-01   4.8917612999999999e-01   1.0412173199999999e+00   1.8946893000000001e-01
   2.7749999999999999e+00   1.9590389000000000e-01   4.9103537000000003e-01   1.0435841100000001e+00   1.8961331000000001e-01
   2.7875000000000001e+00   1.9591528999999999e-01   4.9233867999999997e-01   1.0458793799999999e+00   1.8967608000000000e-01
   2.7999999999999998e+00   1.9592744000000001e-01   4.9348910000000001e-01   1.0481698500000001e+00   1.8967596000000000e-01
   2.8125000000000000e+00   1.9593742000000000e-01   4.9467065999999998e-01   1.0504443699999999e+00   1.8970950000000000e-01
   2.8250000000000002e+00   1.9598185000000001e-01   4.9577566000000001e-01   1.0526640199999999e+00   1.8971323000000001e-01
   2.8374999999999999e+00   1.9597271999999999e-01   4.9622140999999997e-01   1.0549037999999999e+00   1.8970233000000000e-01
   2.8500000000000001e+00   1.9600962999999999e-01   4.9647271999999998e-01   1.0571240600000000e+00   1.8969621000000000e-01
   2.8624999999999998e+00   1.9605909999999999e-01   4.9624964999999999e-01   1.0593546599999999e+00   1.8985500000000000e-01
   2.8750000000000000e+00   1.9610959000000000e-01   4.9558882999999998e-01   1.0616051000000000e+00   1.9010588000000000e-01
   2.8875000000000002e+00   1.9614065000000000e-01   4.9612763999999998e-01   1.0638758500000001e+00   1.9038203000000001e-01
   2.8999999999999999e+00   1.9612869999999999e-01   4.9678164000000002e-01   1.0661735500000000e+00   1.9056824999999999e-01
   2.9125000000000001e+00   1.9606663999999999e-01   4.9735641000000003e-01   1.0684808699999999e+00   1.9052066000000001e-01
   2.9249999999999998e+00   1.9606462999999999e-01   4.9685121999999998e-01   1.0707367699999999e+00   1.9037740000000000e-01
   2.9375000000000000e+00   1.9610712000000000e-01   4.9649696999999998e-01   1.0729610800000000e+00   1.9024160000000001e-01
   2.9500000000000002e+00   1.9604099999999999e-01   4.9596107000000000e-01   1.0752878299999999e+00   1.9023056999999999e-01
   2.9624999999999999e+00   1.9606773000000000e-01   4.9547014000000000e-01   1.0775438700000000e+00   1.9012059000000001e-01
   2.9750000000000001e+00   1.9606017000000001e-01   4.9487126999999997e-01   1.0798179200000000e+00   1.9004567999999999e-01
   2.9874999999999998e+00   1.9613098000000001e-01   4.9428538000000000e-01   1.0820307899999999e+00   1.8996618000000001e-01
   3.0000000000000000e+00   1.9616923999999999e-01   4.9325430999999997e-01   1.0842608400000000e+00   1.8999099000000000e-01
