   4.3364770000000000e-03   0.0000000000000000e+00   9.9995230000000002e-01   5.0000560000000005e-01   2.7585290000000000e-03
   9.3872399999999998e-03   0.0000000000000000e+00   9.9997230000000004e-01   5.0002729999999995e-01   5.9503309999999997e-03
   1.4437999999999999e-02   0.0000000000000000e+00   9.9998390000000004e-01   5.0006490000000003e-01   9.1209299999999993e-03
   1.9488769999999999e-02   0.0000000000000000e+00   9.9999059999999995e-01   5.0011859999999997e-01   1.2271110000000000e-02
   2.4539530000000000e-02   0.0000000000000000e+00   9.9999450000000001e-01   5.0018810000000002e-01   1.5401470000000000e-02
   2.9590290000000002e-02   0.0000000000000000e+00   9.9999680000000002e-01   5.0027339999999998e-01   1.8512470000000000e-02
   3.4641050000000000e-02   0.0000000000000000e+00   9.9999810000000000e-01   5.0037430000000005e-01   2.1604550000000000e-02
   3.9691820000000003e-02   0.0000000000000000e+00   9.9999890000000002e-01   5.0049080000000001e-01   2.4678060000000002e-02
   4.4742579999999997e-02   0.0000000000000000e+00   9.9999930000000004e-01   5.0062280000000003e-01   2.7733359999999999e-02
   4.9793339999999998e-02   0.0000000000000000e+00   9.9999959999999999e-01   5.0077020000000005e-01   3.0770730000000000e-02
   5.4844100000000000e-02   0.0000000000000000e+00   9.9999970000000005e-01   5.0093290000000001e-01   3.3790470000000003e-02
   5.9894870000000003e-02   0.0000000000000000e+00   9.9999979999999999e-01   5.0111079999999997e-01   3.6792840000000000e-02
   6.4945630000000004e-02   0.0000000000000000e+00   9.9999979999999999e-01   5.0130379999999997e-01   3.9778059999999997e-02
   6.9996390000000006e-02   0.0000000000000000e+00   9.9999979999999999e-01   5.0151179999999995e-01   4.2746359999999997e-02
   7.5047160000000002e-02   0.0000000000000000e+00   9.9999970000000005e-01   5.0173480000000004e-01   4.5697950000000001e-02
   8.0097920000000003e-02   0.0000000000000000e+00   9.9999970000000005e-01   5.0197270000000005e-01   4.8632990000000001e-02
   8.5148680000000004e-02   0.0000000000000000e+00   9.9999959999999999e-01   5.0222529999999999e-01   5.1551670000000001e-02
   9.0199440000000006e-02   0.0000000000000000e+00   9.9999950000000004e-01   5.0249270000000001e-01   5.4454120000000002e-02
   9.5250210000000002e-02   0.0000000000000000e+00   9.9999939999999998e-01   5.0277470000000002e-01   5.7340500000000003e-02
   1.0030100000000000e-01   0.0000000000000000e+00   9.9999930000000004e-01   5.0307120000000005e-01   6.0210920000000001e-02
   1.0535170000000001e-01   0.0000000000000000e+00   9.9999919999999998e-01   5.0338220000000000e-01   6.3065490000000002e-02
   1.1040250000000000e-01   0.0000000000000000e+00   9.9999899999999997e-01   5.0370749999999997e-01   6.5904299999999999e-02
   1.1545329999999999e-01   0.0000000000000000e+00   9.9999879999999997e-01   5.0404720000000003e-01   6.8727430000000006e-02
   1.2050400000000000e-01   0.0000000000000000e+00   9.9999859999999996e-01   5.0440110000000005e-01   7.1534940000000005e-02
   1.2555479999999999e-01   0.0000000000000000e+00   9.9999839999999995e-01   5.0476909999999997e-01   7.4326900000000001e-02
   1.3060550000000001e-01   0.0000000000000000e+00   9.9999810000000000e-01   5.0515120000000002e-01   7.7103329999999998e-02
   1.3565630000000001e-01   0.0000000000000000e+00   9.9999790000000000e-01   5.0554719999999997e-01   7.9864260000000006e-02
   1.4070710000000000e-01   0.0000000000000000e+00   9.9999749999999998e-01   5.0595720000000000e-01   8.2609710000000003e-02
   1.4575779999999999e-01   0.0000000000000000e+00   9.9999720000000003e-01   5.0638099999999997e-01   8.5339670000000006e-02
   1.5080859999999999e-01   0.0000000000000000e+00   9.9999680000000002e-01   5.0681860000000001e-01   8.8054129999999994e-02
   1.5585940000000001e-01   0.0000000000000000e+00   9.9999640000000001e-01   5.0726979999999999e-01   9.0753070000000005e-02
   1.6091010000000000e-01   0.0000000000000000e+00   9.9999590000000005e-01   5.0773460000000004e-01   9.3436430000000001e-02
   1.6596089999999999e-01   0.0000000000000000e+00   9.9999539999999998e-01   5.0821289999999997e-01   9.6104179999999997e-02
   1.7101160000000001e-01   0.0000000000000000e+00   9.9999479999999996e-01   5.0870470000000001e-01   9.8756250000000004e-02
   1.7606240000000001e-01   0.0000000000000000e+00   9.9999410000000000e-01   5.0920980000000005e-01   1.0139260000000000e-01
   1.8111320000000000e-01   0.0000000000000000e+00   9.9999340000000003e-01   5.0972830000000002e-01   1.0401299999999999e-01
   1.8616389999999999e-01   0.0000000000000000e+00   9.9999260000000001e-01   5.1025989999999999e-01   1.0661760000000001e-01
   1.9121469999999999e-01   0.0000000000000000e+00   9.9999179999999999e-01   5.1080460000000005e-01   1.0920600000000000e-01
   1.9626550000000001e-01   0.0000000000000000e+00   9.9999079999999996e-01   5.1136230000000005e-01   1.1177830000000000e-01
   2.0131620000000000e-01   0.0000000000000000e+00   9.9998969999999998e-01   5.1193299999999997e-01   1.1433430000000000e-01
   2.0636699999999999e-01   0.0000000000000000e+00   9.9998860000000001e-01   5.1251659999999999e-01   1.1687380000000000e-01
   2.1141769999999999e-01   0.0000000000000000e+00   9.9998719999999996e-01   5.1311300000000004e-01   1.1939680000000000e-01
   2.1646850000000001e-01   0.0000000000000000e+00   9.9998580000000004e-01   5.1372200000000001e-01   1.2190289999999999e-01
   2.2151930000000000e-01   0.0000000000000000e+00   9.9998419999999999e-01   5.1434369999999996e-01   1.2439210000000001e-01
   2.2656999999999999e-01   0.0000000000000000e+00   9.9998240000000005e-01   5.1497789999999999e-01   1.2686410000000001e-01
   2.3162079999999999e-01   0.0000000000000000e+00   9.9998050000000005e-01   5.1562450000000004e-01   1.2931889999999999e-01
   2.3667160000000001e-01   0.0000000000000000e+00   9.9997829999999999e-01   5.1628350000000001e-01   1.3175600000000001e-01
   2.4172230000000000e-01   0.0000000000000000e+00   9.9997590000000003e-01   5.1695480000000005e-01   1.3417540000000000e-01
   2.4677310000000000e-01   0.0000000000000000e+00   9.9997329999999995e-01   5.1763820000000005e-01   1.3657690000000000e-01
   2.5182389999999999e-01   0.0000000000000000e+00   9.9997029999999998e-01   5.1833379999999996e-01   1.3896010000000000e-01
   2.5687460000000001e-01   0.0000000000000000e+00   9.9996710000000000e-01   5.1904130000000004e-01   1.4132480000000000e-01
   2.6192539999999997e-01   0.0000000000000000e+00   9.9996350000000001e-01   5.1976069999999996e-01   1.4367089999999999e-01
   2.6697609999999999e-01   0.0000000000000000e+00   9.9995950000000000e-01   5.2049190000000001e-01   1.4599799999999999e-01
   2.7202690000000002e-01   0.0000000000000000e+00   9.9995509999999999e-01   5.2123480000000000e-01   1.4830579999999999e-01
   2.7707769999999998e-01   0.0000000000000000e+00   9.9995029999999996e-01   5.2198929999999999e-01   1.5059410000000001e-01
   2.8212840000000000e-01   0.0000000000000000e+00   9.9994499999999997e-01   5.2275539999999998e-01   1.5286269999999999e-01
   2.8717920000000002e-01   0.0000000000000000e+00   9.9993909999999997e-01   5.2353280000000002e-01   1.5511110000000000e-01
   2.9222999999999999e-01   0.0000000000000000e+00   9.9993259999999995e-01   5.2432160000000005e-01   1.5733920000000001e-01
   2.9728070000000001e-01   0.0000000000000000e+00   9.9992550000000002e-01   5.2512150000000002e-01   1.5954670000000001e-01
   3.0233149999999998e-01   0.0000000000000000e+00   9.9991770000000002e-01   5.2593259999999997e-01   1.6173309999999999e-01
   3.0738219999999999e-01   0.0000000000000000e+00   9.9990910000000000e-01   5.2675459999999996e-01   1.6389830000000000e-01
   3.1243300000000002e-01   0.0000000000000000e+00   9.9989960000000000e-01   5.2758749999999999e-01   1.6604189999999999e-01
   3.1748379999999998e-01   0.0000000000000000e+00   9.9988929999999998e-01   5.2843119999999999e-01   1.6816360000000000e-01
   3.2253450000000000e-01   0.0000000000000000e+00   9.9987789999999999e-01   5.2928549999999996e-01   1.7026310000000000e-01
   3.2758530000000002e-01   0.0000000000000000e+00   9.9986549999999996e-01   5.3015040000000002e-01   1.7234010000000000e-01
   3.3263609999999999e-01   0.0000000000000000e+00   9.9985190000000002e-01   5.3102579999999999e-01   1.7439410000000000e-01
   3.3768680000000001e-01   0.0000000000000000e+00   9.9983710000000003e-01   5.3191140000000003e-01   1.7642500000000000e-01
   3.4273759999999998e-01   0.0000000000000000e+00   9.9982090000000001e-01   5.3280720000000004e-01   1.7843229999999999e-01
   3.4778829999999999e-01   0.0000000000000000e+00   9.9980329999999995e-01   5.3371310000000005e-01   1.8041589999999999e-01
   3.5283910000000002e-01   0.0000000000000000e+00   9.9978400000000001e-01   5.3462900000000002e-01   1.8237519999999999e-01
   3.5788989999999998e-01   0.0000000000000000e+00   9.9976310000000002e-01   5.3555470000000005e-01   1.8431000000000000e-01
   3.6294060000000000e-01   0.0000000000000000e+00   9.9974039999999997e-01   5.3649009999999997e-01   1.8622000000000000e-01
   3.6799140000000002e-01   0.0000000000000000e+00   9.9971569999999998e-01   5.3743510000000005e-01   1.8810489999999999e-01
   3.7304219999999999e-01   0.0000000000000000e+00   9.9968889999999999e-01   5.3838960000000002e-01   1.8996430000000000e-01
   3.7809290000000001e-01   0.0000000000000000e+00   9.9965990000000005e-01   5.3935339999999998e-01   1.9179789999999999e-01
   3.8314369999999998e-01   0.0000000000000000e+00   9.9962850000000003e-01   5.4032630000000004e-01   1.9360540000000001e-01
   3.8819440000000000e-01   0.0000000000000000e+00   9.9959450000000005e-01   5.4130840000000002e-01   1.9538659999999999e-01
   3.9324520000000002e-01   0.0000000000000000e+00   9.9955780000000005e-01   5.4229930000000004e-01   1.9714100000000001e-01
   3.9829599999999998e-01   0.0000000000000000e+00   9.9951809999999996e-01   5.4329910000000003e-01   1.9886840000000000e-01
   4.0334670000000000e-01   0.0000000000000000e+00   9.9947540000000001e-01   5.4430750000000006e-01   2.0056850000000001e-01
   4.0839750000000002e-01   0.0000000000000000e+00   9.9942929999999996e-01   5.4532440000000004e-01   2.0224110000000001e-01
   4.1344829999999999e-01   0.0000000000000000e+00   9.9937969999999998e-01   5.4634970000000005e-01   2.0388580000000001e-01
   4.1849900000000001e-01   0.0000000000000000e+00   9.9932639999999995e-01   5.4738330000000002e-01   2.0550250000000000e-01
   4.2354979999999998e-01   0.0000000000000000e+00   9.9926910000000002e-01   5.4842489999999999e-01   2.0709069999999999e-01
   4.2860050000000000e-01   0.0000000000000000e+00   9.9920770000000003e-01   5.4947449999999998e-01   2.0865040000000001e-01
   4.3365130000000002e-01   0.0000000000000000e+00   9.9914179999999997e-01   5.5053189999999996e-01   2.1018120000000001e-01
   4.3870209999999998e-01   0.0000000000000000e+00   9.9907109999999999e-01   5.5159689999999995e-01   2.1168300000000001e-01
   4.4375280000000000e-01   0.0000000000000000e+00   9.9899550000000004e-01   5.5266950000000004e-01   2.1315550000000000e-01
   4.4880360000000002e-01   0.0000000000000000e+00   9.9891470000000004e-01   5.5374939999999995e-01   2.1459860000000000e-01
   4.5385439999999999e-01   0.0000000000000000e+00   9.9882830000000000e-01   5.5483649999999995e-01   2.1601200000000001e-01
   4.5890510000000001e-01   0.0000000000000000e+00   9.9873610000000002e-01   5.5593070000000000e-01   2.1739559999999999e-01
   4.6395589999999998e-01   0.0000000000000000e+00   9.9863780000000002e-01   5.5703179999999997e-01   2.1874930000000001e-01
   4.6900660000000000e-01   0.0000000000000000e+00   9.9853300000000000e-01   5.5813970000000002e-01   2.2007289999999999e-01
   4.7405740000000002e-01   0.0000000000000000e+00   9.9842140000000001e-01   5.5925420000000003e-01   2.2136629999999999e-01
   4.7910819999999998e-01   0.0000000000000000e+00   9.9830269999999999e-01   5.6037510000000001e-01   2.2262940000000001e-01
   4.8415890000000000e-01   0.0000000000000000e+00   9.9817659999999997e-01   5.6150230000000001e-01   2.2386210000000001e-01
   4.8920970000000003e-01   0.0000000000000000e+00   9.9804260000000000e-01   5.6263569999999996e-01   2.2506440000000000e-01
   4.9426049999999999e-01   0.0000000000000000e+00   9.9790049999999997e-01   5.6377509999999997e-01   2.2623610000000000e-01
   4.9931120000000001e-01   0.0000000000000000e+00   9.9774980000000002e-01   5.6492030000000004e-01   2.2737730000000000e-01
   5.0436199999999998e-01   0.0000000000000000e+00   9.9759019999999998e-01   5.6607120000000000e-01   2.2848800000000000e-01
   5.0941270000000005e-01   0.0000000000000000e+00   9.9742129999999996e-01   5.6722770000000000e-01   2.2956810000000000e-01
   5.1446349999999996e-01   0.0000000000000000e+00   9.9724259999999998e-01   5.6838949999999999e-01   2.3061780000000001e-01
   5.1951429999999998e-01   0.0000000000000000e+00   9.9705390000000005e-01   5.6955650000000002e-01   2.3163700000000001e-01
   5.2456499999999995e-01   0.0000000000000000e+00   9.9685469999999998e-01   5.7072860000000003e-01   2.3262579999999999e-01
   5.2961579999999997e-01   0.0000000000000000e+00   9.9664450000000004e-01   5.7190560000000001e-01   2.3358429999999999e-01
   5.3466659999999999e-01   0.0000000000000000e+00   9.9642299999999995e-01   5.7308740000000002e-01   2.3451259999999999e-01
   5.3971729999999996e-01   0.0000000000000000e+00   9.9618980000000001e-01   5.7427379999999995e-01   2.3541080000000000e-01
   5.4476809999999998e-01   0.0000000000000000e+00   9.9594439999999995e-01   5.7546470000000005e-01   2.3627909999999999e-01
   5.4981890000000000e-01   0.0000000000000000e+00   9.9568630000000002e-01   5.7665990000000000e-01   2.3711769999999999e-01
   5.5486959999999996e-01   0.0000000000000000e+00   9.9541530000000000e-01   5.7785920000000002e-01   2.3792679999999999e-01
   5.5992039999999998e-01   0.0000000000000000e+00   9.9513079999999998e-01   5.7906259999999998e-01   2.3870640000000001e-01
   5.6497109999999995e-01   0.0000000000000000e+00   9.9483239999999995e-01   5.8026979999999995e-01   2.3945700000000000e-01
   5.7002189999999997e-01   0.0000000000000000e+00   9.9451979999999995e-01   5.8148069999999996e-01   2.4017869999999999e-01
   5.7507269999999999e-01   0.0000000000000000e+00   9.9419239999999998e-01   5.8269519999999997e-01   2.4087169999999999e-01
   5.8012339999999996e-01   0.0000000000000000e+00   9.9384989999999995e-01   5.8391320000000002e-01   2.4153649999999999e-01
   5.8517419999999998e-01   0.0000000000000000e+00   9.9349189999999998e-01   5.8513440000000005e-01   2.4217310000000000e-01
   5.9022500000000000e-01   0.0000000000000000e+00   9.9311790000000000e-01   5.8635879999999996e-01   2.4278210000000000e-01
   5.9527569999999996e-01   0.0000000000000000e+00   9.9272760000000004e-01   5.8758619999999995e-01   2.4336360000000001e-01
   6.0032649999999999e-01   0.0000000000000000e+00   9.9232060000000000e-01   5.8881640000000002e-01   2.4391810000000000e-01
   6.0537719999999995e-01   0.0000000000000000e+00   9.9189640000000001e-01   5.9004939999999995e-01   2.4444589999999999e-01
   6.1042799999999997e-01   0.0000000000000000e+00   9.9145479999999997e-01   5.9128499999999995e-01   2.4494740000000001e-01
   6.1547879999999999e-01   0.0000000000000000e+00   9.9099539999999997e-01   5.9252300000000002e-01   2.4542290000000000e-01
   6.2052949999999996e-01   0.0000000000000000e+00   9.9051780000000000e-01   5.9376340000000005e-01   2.4587290000000001e-01
   6.2558029999999998e-01   0.0000000000000000e+00   9.9002170000000000e-01   5.9500600000000003e-01   2.4629780000000001e-01
   6.3063110000000000e-01   0.0000000000000000e+00   9.8950689999999997e-01   5.9625070000000002e-01   2.4669790000000000e-01
   6.3568179999999996e-01   0.0000000000000000e+00   9.8897290000000004e-01   5.9749739999999996e-01   2.4707380000000001e-01
   6.4073259999999999e-01   0.0000000000000000e+00   9.8841950000000001e-01   5.9874579999999999e-01   2.4742580000000000e-01
   6.4578329999999995e-01   0.0000000000000000e+00   9.8784660000000002e-01   5.9999610000000003e-01   2.4775440000000001e-01
   6.5083409999999997e-01   0.0000000000000000e+00   9.8720830000000004e-01   6.0123559999999998e-01   2.4816740000000001e-01
   6.5588489999999999e-01   0.0000000000000000e+00   9.8662530000000004e-01   6.0248939999999995e-01   2.4845030000000001e-01
   6.6093559999999996e-01   0.0000000000000000e+00   9.8601010000000000e-01   6.0374470000000002e-01   2.4871099999999999e-01
   6.6598639999999998e-01   0.0000000000000000e+00   9.8536729999999995e-01   6.0500109999999996e-01   2.4895010000000001e-01
   6.7103720000000000e-01   0.0000000000000000e+00   9.8469969999999996e-01   6.0625879999999999e-01   2.4916800000000000e-01
   6.7608789999999996e-01   0.0000000000000000e+00   9.8400889999999996e-01   6.0751750000000004e-01   2.4936520000000001e-01
   6.8113869999999999e-01   0.0000000000000000e+00   9.8329580000000005e-01   6.0877709999999996e-01   2.4954219999999999e-01
   6.8618939999999995e-01   0.0000000000000000e+00   9.8256080000000001e-01   6.1003759999999996e-01   2.4969949999999999e-01
   6.9124019999999997e-01   0.0000000000000000e+00   9.8180429999999996e-01   6.1129880000000003e-01   2.4983759999999999e-01
   6.9629099999999999e-01   0.0000000000000000e+00   9.8102639999999997e-01   6.1256069999999996e-01   2.4995680000000001e-01
   7.0134169999999996e-01   0.0000000000000000e+00   9.8022730000000002e-01   6.1382309999999995e-01   2.5005780000000000e-01
   7.0639249999999998e-01   0.0000000000000000e+00   9.7940689999999997e-01   6.1508600000000002e-01   2.5014100000000000e-01
   7.1144330000000000e-01   0.0000000000000000e+00   9.7856540000000003e-01   6.1634929999999999e-01   2.5020690000000001e-01
   7.1649399999999996e-01   0.0000000000000000e+00   9.7770290000000004e-01   6.1761290000000002e-01   2.5025589999999998e-01
   7.2154479999999999e-01   0.0000000000000000e+00   9.7681929999999995e-01   6.1887669999999995e-01   2.5028860000000003e-01
   7.2659549999999995e-01   0.0000000000000000e+00   9.7591499999999998e-01   6.2014060000000004e-01   2.5030540000000001e-01
   7.3164629999999997e-01   0.0000000000000000e+00   9.7498989999999996e-01   6.2140450000000003e-01   2.5030669999999999e-01
   7.3669709999999999e-01   0.0000000000000000e+00   9.7404429999999997e-01   6.2266849999999996e-01   2.5029299999999999e-01
   7.4174779999999996e-01   0.0000000000000000e+00   9.7307820000000000e-01   6.2393230000000000e-01   2.5026480000000001e-01
   7.4679859999999998e-01   0.0000000000000000e+00   9.7209199999999996e-01   6.2519599999999997e-01   2.5022260000000002e-01
   7.5184940000000000e-01   0.0000000000000000e+00   9.7108570000000005e-01   6.2645940000000000e-01   2.5016670000000002e-01
   7.5690009999999996e-01   0.0000000000000000e+00   9.7005969999999997e-01   6.2772240000000001e-01   2.5009769999999998e-01
   7.6195089999999999e-01   0.0000000000000000e+00   9.6901409999999999e-01   6.2898520000000002e-01   2.5001590000000001e-01
   7.6700159999999995e-01   0.0000000000000000e+00   9.6794930000000001e-01   6.3024740000000001e-01   2.4992180000000000e-01
   7.7205239999999997e-01   0.0000000000000000e+00   9.6686539999999999e-01   6.3150919999999999e-01   2.4981570000000000e-01
   7.7710319999999999e-01   0.0000000000000000e+00   9.6576289999999998e-01   6.3277039999999996e-01   2.4969820000000001e-01
   7.8215389999999996e-01   0.0000000000000000e+00   9.6464200000000000e-01   6.3403100000000001e-01   2.4956970000000001e-01
   7.8720469999999998e-01   0.0000000000000000e+00   9.6350309999999995e-01   6.3529089999999999e-01   2.4943040000000000e-01
   7.9225550000000000e-01   0.0000000000000000e+00   9.6234649999999999e-01   6.3655010000000001e-01   2.4928090000000000e-01
   7.9730619999999996e-01   0.0000000000000000e+00   9.6117249999999999e-01   6.3780850000000000e-01   2.4912150000000000e-01
   8.0235699999999999e-01   0.0000000000000000e+00   9.5998150000000004e-01   6.3906609999999997e-01   2.4895249999999999e-01
   8.0740769999999995e-01   0.0000000000000000e+00   9.5877389999999996e-01   6.4032279999999997e-01   2.4877450000000001e-01
   8.1245849999999997e-01   0.0000000000000000e+00   9.5755009999999996e-01   6.4157860000000000e-01   2.4858759999999999e-01
   8.1750929999999999e-01   0.0000000000000000e+00   9.5631049999999995e-01   6.4283340000000000e-01   2.4839240000000001e-01
   8.2255999999999996e-01   0.0000000000000000e+00   9.5505540000000000e-01   6.4408719999999997e-01   2.4818910000000000e-01
   8.2761079999999998e-01   0.0000000000000000e+00   9.5378529999999995e-01   6.4534000000000002e-01   2.4797810000000001e-01
   8.3266160000000000e-01   0.0000000000000000e+00   9.5250069999999998e-01   6.4659169999999999e-01   2.4775970000000000e-01
   8.3771229999999997e-01   0.0000000000000000e+00   9.5120179999999999e-01   6.4784220000000003e-01   2.4753430000000001e-01
   8.4276309999999999e-01   0.0000000000000000e+00   9.4988910000000004e-01   6.4909170000000005e-01   2.4730210000000000e-01
   8.4781390000000001e-01   0.0000000000000000e+00   9.4856320000000005e-01   6.5033989999999997e-01   2.4706349999999999e-01
   8.5286459999999997e-01   0.0000000000000000e+00   9.4722430000000002e-01   6.5158689999999997e-01   2.4681890000000001e-01
   8.5791539999999999e-01   0.0000000000000000e+00   9.4587299999999996e-01   6.5283270000000004e-01   2.4656839999999999e-01
   8.6296609999999996e-01   0.0000000000000000e+00   9.4450959999999995e-01   6.5407709999999997e-01   2.4631239999999999e-01
   8.6801689999999998e-01   0.0000000000000000e+00   9.4313469999999999e-01   6.5532029999999997e-01   2.4605130000000000e-01
   8.7306770000000000e-01   0.0000000000000000e+00   9.4174849999999999e-01   6.5656219999999998e-01   2.4578520000000001e-01
   8.7811839999999997e-01   0.0000000000000000e+00   9.4035170000000001e-01   6.5780269999999996e-01   2.4551439999999999e-01
   8.8316919999999999e-01   0.0000000000000000e+00   9.3894449999999996e-01   6.5904180000000001e-01   2.4523929999999999e-01
   8.8822000000000001e-01   0.0000000000000000e+00   9.3752749999999996e-01   6.6027950000000002e-01   2.4496000000000001e-01
   8.9327069999999997e-01   0.0000000000000000e+00   9.3610099999999996e-01   6.6151579999999999e-01   2.4467690000000000e-01
   8.9832150000000000e-01   0.0000000000000000e+00   9.3466550000000004e-01   6.6275070000000003e-01   2.4439020000000000e-01
   9.0337219999999996e-01   0.0000000000000000e+00   9.3322150000000004e-01   6.6398409999999997e-01   2.4410009999999999e-01
   9.0842299999999998e-01   0.0000000000000000e+00   9.3176919999999996e-01   6.6521600000000003e-01   2.4380679999999999e-01
   9.1347380000000000e-01   0.0000000000000000e+00   9.3030919999999995e-01   6.6644650000000005e-01   2.4351070000000000e-01
   9.1852449999999997e-01   0.0000000000000000e+00   9.2884180000000005e-01   6.6767540000000003e-01   2.4321190000000001e-01
   9.2357529999999999e-01   0.0000000000000000e+00   9.2736750000000001e-01   6.6890280000000002e-01   2.4291060000000000e-01
   9.2862610000000001e-01   0.0000000000000000e+00   9.2588660000000000e-01   6.7012870000000002e-01   2.4260709999999999e-01
   9.3367679999999997e-01   0.0000000000000000e+00   9.2439959999999999e-01   6.7135310000000004e-01   2.4230160000000001e-01
   9.3872760000000000e-01   0.0000000000000000e+00   9.2290680000000003e-01   6.7257590000000000e-01   2.4199430000000000e-01
   9.4377829999999996e-01   0.0000000000000000e+00   9.2145230000000000e-01   6.7379990000000001e-01   2.4180430000000000e-01
   9.4882909999999998e-01   0.0000000000000000e+00   9.1999620000000004e-01   6.7502019999999996e-01   2.4149160000000000e-01
   9.5387990000000000e-01   0.0000000000000000e+00   9.1851720000000003e-01   6.7623889999999998e-01   2.4117749999999999e-01
   9.5893059999999997e-01   0.0000000000000000e+00   9.1702289999999997e-01   6.7745599999999995e-01   2.4086240000000000e-01
   9.6398139999999999e-01   0.0000000000000000e+00   9.1551790000000000e-01   6.7867160000000004e-01   2.4054650000000000e-01
   9.6903220000000001e-01   0.0000000000000000e+00   9.1400519999999996e-01   6.7988550000000003e-01   2.4022990000000000e-01
   9.7408289999999997e-01   0.0000000000000000e+00   9.1248680000000004e-01   6.8109779999999998e-01   2.3991280000000001e-01
   9.7913370000000000e-01   0.0000000000000000e+00   9.1096379999999999e-01   6.8230860000000004e-01   2.3959539999999999e-01
   9.8418439999999996e-01   0.0000000000000000e+00   9.0943730000000000e-01   6.8351770000000001e-01   2.3927780000000001e-01
   9.8923519999999998e-01   0.0000000000000000e+00   9.0790789999999999e-01   6.8472520000000003e-01   2.3896020000000001e-01
   9.9428600000000000e-01   0.0000000000000000e+00   9.0637599999999996e-01   6.8593119999999996e-01   2.3864279999999999e-01
   9.9933669999999997e-01   0.0000000000000000e+00   9.0484220000000004e-01   6.8713550000000001e-01   2.3832560000000000e-01
   1.0043869999999999e+00   0.0000000000000000e+00   9.0330670000000002e-01   6.8833820000000001e-01   2.3800890000000000e-01
   1.0094380000000001e+00   0.0000000000000000e+00   9.0176999999999996e-01   6.8953929999999997e-01   2.3769280000000001e-01
   1.0144890000000000e+00   0.0000000000000000e+00   9.0023240000000004e-01   6.9073890000000004e-01   2.3737749999999999e-01
   1.0195399999999999e+00   0.0000000000000000e+00   8.9869410000000005e-01   6.9193680000000002e-01   2.3706300000000000e-01
   1.0245910000000000e+00   0.0000000000000000e+00   8.9715549999999999e-01   6.9313320000000000e-01   2.3674950000000000e-01
   1.0296410000000000e+00   0.0000000000000000e+00   8.9561679999999999e-01   6.9432799999999995e-01   2.3643719999999999e-01
   1.0346919999999999e+00   0.0000000000000000e+00   8.9407820000000005e-01   6.9552119999999995e-01   2.3612610000000001e-01
   1.0397430000000001e+00   0.0000000000000000e+00   8.9254009999999995e-01   6.9671280000000002e-01   2.3581640000000001e-01
   1.0447940000000000e+00   0.0000000000000000e+00   8.9100259999999998e-01   6.9790289999999999e-01   2.3550820000000000e-01
   1.0498440000000000e+00   0.0000000000000000e+00   8.8946599999999998e-01   6.9909140000000003e-01   2.3520160000000001e-01
   1.0548949999999999e+00   0.0000000000000000e+00   8.8793060000000001e-01   7.0027839999999997e-01   2.3489670000000001e-01
   1.0599460000000001e+00   0.0000000000000000e+00   8.8639659999999998e-01   7.0146379999999997e-01   2.3459369999999999e-01
   1.0649970000000000e+00   0.0000000000000000e+00   8.8486410000000004e-01   7.0264769999999999e-01   2.3429259999999999e-01
   1.0700470000000000e+00   0.0000000000000000e+00   8.8333340000000005e-01   7.0383010000000001e-01   2.3399360000000000e-01
   1.0750980000000001e+00   0.0000000000000000e+00   8.8180470000000000e-01   7.0501100000000005e-01   2.3369670000000001e-01
   1.0801490000000000e+00   0.0000000000000000e+00   8.8027820000000001e-01   7.0619040000000000e-01   2.3340210000000000e-01
   1.0851999999999999e+00   0.0000000000000000e+00   8.7875409999999998e-01   7.0736829999999995e-01   2.3310980000000001e-01
   1.0902499999999999e+00   0.0000000000000000e+00   8.7723260000000003e-01   7.0854479999999997e-01   2.3281990000000000e-01
   1.0953010000000001e+00   0.0000000000000000e+00   8.7571370000000004e-01   7.0971980000000001e-01   2.3253250000000000e-01
   1.1003520000000000e+00   0.0000000000000000e+00   8.7419780000000002e-01   7.1089329999999995e-01   2.3224780000000000e-01
   1.1054029999999999e+00   0.0000000000000000e+00   8.7268500000000004e-01   7.1206550000000002e-01   2.3196570000000000e-01
   1.1104540000000001e+00   0.0000000000000000e+00   8.7117540000000004e-01   7.1323619999999999e-01   2.3168639999999999e-01
   1.1155040000000001e+00   0.0000000000000000e+00   8.6966929999999998e-01   7.1440550000000003e-01   2.3141000000000000e-01
   1.1205550000000000e+00   0.0000000000000000e+00   8.6816660000000001e-01   7.1557340000000003e-01   2.3113639999999999e-01
   1.1256060000000001e+00   0.0000000000000000e+00   8.6666759999999998e-01   7.1673989999999999e-01   2.3086590000000001e-01
   1.1306570000000000e+00   0.0000000000000000e+00   8.6517250000000001e-01   7.1790509999999996e-01   2.3059840000000001e-01
   1.1357070000000000e+00   0.0000000000000000e+00   8.6368129999999999e-01   7.1906890000000001e-01   2.3033410000000001e-01
   1.1407579999999999e+00   0.0000000000000000e+00   8.6219409999999996e-01   7.2023139999999997e-01   2.3007300000000000e-01
   1.1458090000000001e+00   0.0000000000000000e+00   8.6071120000000001e-01   7.2139260000000005e-01   2.2981509999999999e-01
   1.1508600000000000e+00   0.0000000000000000e+00   8.5923260000000001e-01   7.2255250000000004e-01   2.2956060000000000e-01
   1.1559100000000000e+00   0.0000000000000000e+00   8.5775840000000003e-01   7.2371110000000005e-01   2.2930940000000000e-01
   1.1609609999999999e+00   0.0000000000000000e+00   8.5628870000000001e-01   7.2486850000000003e-01   2.2906170000000001e-01
   1.1660120000000000e+00   0.0000000000000000e+00   8.5482369999999996e-01   7.2602460000000002e-01   2.2881760000000001e-01
   1.1710630000000000e+00   0.0000000000000000e+00   8.5336330000000005e-01   7.2717949999999998e-01   2.2857690000000000e-01
   1.1761130000000000e+00   0.0000000000000000e+00   8.5201830000000001e-01   7.2834779999999999e-01   2.2846159999999999e-01
   1.1811640000000001e+00   0.0000000000000000e+00   8.5061679999999995e-01   7.2950090000000001e-01   2.2822450000000000e-01
   1.1862150000000000e+00   0.0000000000000000e+00   8.4920229999999997e-01   7.3065279999999999e-01   2.2799130000000001e-01
   1.1912659999999999e+00   0.0000000000000000e+00   8.4778169999999997e-01   7.3180360000000000e-01   2.2776199999999999e-01
   1.1963159999999999e+00   0.0000000000000000e+00   8.4635930000000004e-01   7.3295319999999997e-01   2.2753660000000001e-01
   1.2013670000000001e+00   0.0000000000000000e+00   8.4493759999999996e-01   7.3410169999999997e-01   2.2731509999999999e-01
   1.2064180000000000e+00   0.0000000000000000e+00   8.4351830000000005e-01   7.3524900000000004e-01   2.2709770000000001e-01
   1.2114689999999999e+00   0.0000000000000000e+00   8.4210260000000003e-01   7.3639529999999997e-01   2.2688420000000001e-01
   1.2165200000000000e+00   0.0000000000000000e+00   8.4069119999999997e-01   7.3754050000000004e-01   2.2667480000000001e-01
   1.2215700000000000e+00   0.0000000000000000e+00   8.3928440000000004e-01   7.3868469999999997e-01   2.2646949999999999e-01
   1.2266210000000000e+00   0.0000000000000000e+00   8.3788260000000003e-01   7.3982780000000004e-01   2.2626840000000001e-01
   1.2316720000000001e+00   0.0000000000000000e+00   8.3648599999999995e-01   7.4096989999999996e-01   2.2607140000000001e-01
   1.2367230000000000e+00   0.0000000000000000e+00   8.3509480000000003e-01   7.4211110000000002e-01   2.2587860000000001e-01
   1.2417730000000000e+00   0.0000000000000000e+00   8.3370900000000003e-01   7.4325120000000000e-01   2.2569000000000000e-01
   1.2468239999999999e+00   0.0000000000000000e+00   8.3232879999999998e-01   7.4439049999999995e-01   2.2550570000000000e-01
   1.2518750000000001e+00   0.0000000000000000e+00   8.3095430000000003e-01   7.4552879999999999e-01   2.2532569999999999e-01
   1.2569260000000000e+00   0.0000000000000000e+00   8.2958540000000003e-01   7.4666619999999995e-01   2.2514999999999999e-01
   1.2619760000000000e+00   0.0000000000000000e+00   8.2822240000000003e-01   7.4780279999999999e-01   2.2497870000000000e-01
   1.2670269999999999e+00   0.0000000000000000e+00   8.2686510000000002e-01   7.4893849999999995e-01   2.2481170000000000e-01
   1.2720780000000000e+00   0.0000000000000000e+00   8.2551370000000002e-01   7.5007330000000005e-01   2.2464909999999999e-01
   1.2771290000000000e+00   0.0000000000000000e+00   8.2416820000000002e-01   7.5120739999999997e-01   2.2449100000000000e-01
   1.2821790000000000e+00   0.0000000000000000e+00   8.2282860000000002e-01   7.5234060000000003e-01   2.2433729999999999e-01
   1.2872300000000001e+00   0.0000000000000000e+00   8.2149499999999998e-01   7.5347310000000001e-01   2.2418800000000000e-01
   1.2922810000000000e+00   0.0000000000000000e+00   8.2016739999999999e-01   7.5460490000000002e-01   2.2404330000000000e-01
   1.2973319999999999e+00   0.0000000000000000e+00   8.1884570000000001e-01   7.5573590000000002e-01   2.2390299999999999e-01
   1.3023819999999999e+00   0.0000000000000000e+00   8.1753010000000004e-01   7.5686620000000004e-01   2.2376720000000000e-01
   1.3074330000000001e+00   0.0000000000000000e+00   8.1622059999999996e-01   7.5799589999999994e-01   2.2363600000000000e-01
   1.3124840000000000e+00   0.0000000000000000e+00   8.1491709999999995e-01   7.5912489999999999e-01   2.2350929999999999e-01
   1.3175349999999999e+00   0.0000000000000000e+00   8.1361980000000000e-01   7.6025319999999996e-01   2.2338710000000001e-01
   1.3225860000000000e+00   0.0000000000000000e+00   8.1232850000000001e-01   7.6138099999999997e-01   2.2326940000000001e-01
   1.3276360000000000e+00   0.0000000000000000e+00   8.1104330000000002e-01   7.6250819999999997e-01   2.2315640000000000e-01
   1.3326870000000000e+00   0.0000000000000000e+00   8.0976429999999999e-01   7.6363479999999995e-01   2.2304789999999999e-01
   1.3377380000000001e+00   0.0000000000000000e+00   8.0849130000000002e-01   7.6476089999999997e-01   2.2294390000000000e-01
   1.3427890000000000e+00   0.0000000000000000e+00   8.0722450000000001e-01   7.6588650000000003e-01   2.2284450000000000e-01
   1.3478390000000000e+00   0.0000000000000000e+00   8.0596380000000001e-01   7.6701160000000002e-01   2.2274969999999999e-01
   1.3528899999999999e+00   0.0000000000000000e+00   8.0470920000000001e-01   7.6813620000000005e-01   2.2265950000000001e-01
   1.3579410000000001e+00   0.0000000000000000e+00   8.0346070000000003e-01   7.6926039999999996e-01   2.2257379999999999e-01
   1.3629920000000000e+00   0.0000000000000000e+00   8.0221830000000005e-01   7.7038410000000002e-01   2.2249269999999999e-01
   1.3680420000000000e+00   0.0000000000000000e+00   8.0114540000000001e-01   7.7153200000000000e-01   2.2252859999999999e-01
   1.3730929999999999e+00   0.0000000000000000e+00   7.9996489999999998e-01   7.7265550000000005e-01   2.2245100000000001e-01
   1.3781440000000000e+00   0.0000000000000000e+00   7.9877379999999998e-01   7.7377859999999998e-01   2.2237840000000000e-01
   1.3831950000000000e+00   0.0000000000000000e+00   7.9757800000000001e-01   7.7490139999999996e-01   2.2231080000000000e-01
   1.3882450000000000e+00   0.0000000000000000e+00   7.9638140000000002e-01   7.7602389999999999e-01   2.2224800000000000e-01
   1.3932960000000001e+00   0.0000000000000000e+00   7.9518639999999996e-01   7.7714609999999995e-01   2.2219020000000000e-01
   1.3983470000000000e+00   0.0000000000000000e+00   7.9399439999999999e-01   7.7826790000000001e-01   2.2213710000000000e-01
   1.4033979999999999e+00   0.0000000000000000e+00   7.9280640000000002e-01   7.7938960000000002e-01   2.2208880000000000e-01
   1.4084490000000001e+00   0.0000000000000000e+00   7.9162319999999997e-01   7.8051099999999995e-01   2.2204530000000000e-01
   1.4134990000000001e+00   0.0000000000000000e+00   7.9044519999999996e-01   7.8163210000000005e-01   2.2200650000000000e-01
   1.4185500000000000e+00   0.0000000000000000e+00   7.8927250000000004e-01   7.8275309999999998e-01   2.2197239999999999e-01
   1.4236009999999999e+00   0.0000000000000000e+00   7.8810539999999996e-01   7.8387399999999996e-01   2.2194300000000000e-01
   1.4286520000000000e+00   0.0000000000000000e+00   7.8694410000000004e-01   7.8499470000000005e-01   2.2191820000000001e-01
   1.4337020000000000e+00   0.0000000000000000e+00   7.8578850000000000e-01   7.8611529999999996e-01   2.2189809999999999e-01
   1.4387529999999999e+00   0.0000000000000000e+00   7.8463879999999997e-01   7.8723580000000004e-01   2.2188260000000001e-01
   1.4438040000000001e+00   0.0000000000000000e+00   7.8349489999999999e-01   7.8835619999999995e-01   2.2187170000000001e-01
   1.4488550000000000e+00   0.0000000000000000e+00   7.8235699999999997e-01   7.8947659999999997e-01   2.2186529999999999e-01
   1.4539050000000000e+00   0.0000000000000000e+00   7.8122490000000000e-01   7.9059690000000005e-01   2.2186349999999999e-01
   1.4589559999999999e+00   0.0000000000000000e+00   7.8009870000000003e-01   7.9171729999999996e-01   2.2186629999999999e-01
   1.4640070000000001e+00   0.0000000000000000e+00   7.7897839999999996e-01   7.9283769999999998e-01   2.2187350000000000e-01
   1.4690580000000000e+00   0.0000000000000000e+00   7.7786400000000000e-01   7.9395810000000000e-01   2.2188520000000000e-01
   1.4741080000000000e+00   0.0000000000000000e+00   7.7675550000000004e-01   7.9507859999999997e-01   2.2190140000000000e-01
   1.4791589999999999e+00   0.0000000000000000e+00   7.7565289999999998e-01   7.9619920000000000e-01   2.2192200000000001e-01
   1.4842100000000000e+00   0.0000000000000000e+00   7.7455609999999997e-01   7.9731989999999997e-01   2.2194700000000001e-01
   1.4892609999999999e+00   0.0000000000000000e+00   7.7346510000000002e-01   7.9844079999999995e-01   2.2197629999999999e-01
   1.4943109999999999e+00   0.0000000000000000e+00   7.7237990000000001e-01   7.9956179999999999e-01   2.2201000000000001e-01
   1.4993620000000001e+00   0.0000000000000000e+00   7.7130050000000006e-01   8.0068300000000003e-01   2.2204800000000000e-01
   1.5044130000000000e+00   0.0000000000000000e+00   7.7022679999999999e-01   8.0180439999999997e-01   2.2209029999999999e-01
   1.5094639999999999e+00   0.0000000000000000e+00   7.6915889999999998e-01   8.0292600000000003e-01   2.2213680000000000e-01
   1.5145150000000001e+00   0.0000000000000000e+00   7.6809669999999997e-01   8.0404779999999998e-01   2.2218750000000001e-01
   1.5195650000000001e+00   0.0000000000000000e+00   7.6704010000000000e-01   8.0517000000000005e-01   2.2224230000000000e-01
   1.5246160000000000e+00   0.0000000000000000e+00   7.6619899999999996e-01   8.0632389999999998e-01   2.2240679999999999e-01
   1.5296670000000001e+00   0.0000000000000000e+00   7.6520840000000001e-01   8.0744709999999997e-01   2.2246030000000000e-01
   1.5347180000000000e+00   0.0000000000000000e+00   7.6420659999999996e-01   8.0857060000000003e-01   2.2251940000000001e-01
   1.5397680000000000e+00   0.0000000000000000e+00   7.6319930000000002e-01   8.0969449999999998e-01   2.2258349999999999e-01
   1.5448189999999999e+00   0.0000000000000000e+00   7.6218989999999998e-01   8.1081859999999994e-01   2.2265250000000000e-01
   1.5498700000000001e+00   0.0000000000000000e+00   7.6118090000000005e-01   8.1194310000000003e-01   2.2272610000000001e-01
   1.5549210000000000e+00   0.0000000000000000e+00   7.6017389999999996e-01   8.1306800000000001e-01   2.2280430000000001e-01
   1.5599710000000000e+00   0.0000000000000000e+00   7.5916989999999995e-01   8.1419330000000001e-01   2.2288680000000000e-01
   1.5650219999999999e+00   0.0000000000000000e+00   7.5816960000000000e-01   8.1531909999999996e-01   2.2297359999999999e-01
   1.5700730000000001e+00   0.0000000000000000e+00   7.5717350000000005e-01   8.1644519999999998e-01   2.2306460000000000e-01
   1.5751240000000000e+00   0.0000000000000000e+00   7.5618200000000002e-01   8.1757190000000002e-01   2.2315969999999999e-01
   1.5801740000000000e+00   0.0000000000000000e+00   7.5519530000000001e-01   8.1869899999999995e-01   2.2325880000000001e-01
   1.5852250000000001e+00   0.0000000000000000e+00   7.5421340000000003e-01   8.1982670000000002e-01   2.2336200000000000e-01
   1.5902760000000000e+00   0.0000000000000000e+00   7.5323660000000003e-01   8.2095490000000004e-01   2.2346900000000000e-01
   1.5953269999999999e+00   0.0000000000000000e+00   7.5226479999999996e-01   8.2208360000000003e-01   2.2357990000000000e-01
   1.6003769999999999e+00   0.0000000000000000e+00   7.5129809999999997e-01   8.2321290000000003e-01   2.2369459999999999e-01
   1.6054280000000001e+00   0.0000000000000000e+00   7.5033660000000002e-01   8.2434280000000004e-01   2.2381309999999999e-01
   1.6104790000000000e+00   0.0000000000000000e+00   7.4938020000000005e-01   8.2547329999999997e-01   2.2393520000000000e-01
   1.6155299999999999e+00   0.0000000000000000e+00   7.4842889999999995e-01   8.2660440000000002e-01   2.2406090000000001e-01
   1.6205810000000000e+00   0.0000000000000000e+00   7.4748270000000006e-01   8.2773620000000003e-01   2.2419020000000001e-01
   1.6256310000000000e+00   0.0000000000000000e+00   7.4654160000000003e-01   8.2886859999999996e-01   2.2432289999999999e-01
   1.6306820000000000e+00   0.0000000000000000e+00   7.4560559999999998e-01   8.3000169999999995e-01   2.2445909999999999e-01
   1.6357330000000001e+00   0.0000000000000000e+00   7.4467459999999996e-01   8.3113550000000003e-01   2.2459860000000001e-01
   1.6407840000000000e+00   0.0000000000000000e+00   7.4374859999999998e-01   8.3226999999999995e-01   2.2474140000000001e-01
   1.6458340000000000e+00   0.0000000000000000e+00   7.4282760000000003e-01   8.3340519999999996e-01   2.2488749999999999e-01
   1.6508849999999999e+00   0.0000000000000000e+00   7.4191149999999995e-01   8.3454119999999998e-01   2.2503660000000000e-01
   1.6559360000000001e+00   0.0000000000000000e+00   7.4128950000000005e-01   8.3571370000000000e-01   2.2528139999999999e-01
   1.6609870000000000e+00   0.0000000000000000e+00   7.4043879999999995e-01   8.3685160000000003e-01   2.2542060000000000e-01
   1.6660370000000000e+00   0.0000000000000000e+00   7.3957750000000000e-01   8.3799029999999997e-01   2.2556599999999999e-01
   1.6710879999999999e+00   0.0000000000000000e+00   7.3871039999999999e-01   8.3912969999999998e-01   2.2571669999999999e-01
   1.6761390000000000e+00   0.0000000000000000e+00   7.3784070000000002e-01   8.4026990000000001e-01   2.2587180000000001e-01
   1.6811900000000000e+00   0.0000000000000000e+00   7.3697049999999997e-01   8.4141089999999996e-01   2.2603110000000001e-01
   1.6862400000000000e+00   0.0000000000000000e+00   7.3610109999999995e-01   8.4255270000000004e-01   2.2619400000000001e-01
   1.6912910000000001e+00   0.0000000000000000e+00   7.3523360000000004e-01   8.4369530000000004e-01   2.2636039999999999e-01
   1.6963420000000000e+00   0.0000000000000000e+00   7.3436880000000004e-01   8.4483880000000000e-01   2.2653010000000001e-01
   1.7013929999999999e+00   0.0000000000000000e+00   7.3350709999999997e-01   8.4598309999999999e-01   2.2670280000000001e-01
   1.7064440000000001e+00   0.0000000000000000e+00   7.3264879999999999e-01   8.4712829999999995e-01   2.2687840000000001e-01
   1.7114940000000001e+00   0.0000000000000000e+00   7.3179430000000001e-01   8.4827439999999998e-01   2.2705680000000000e-01
   1.7165450000000000e+00   0.0000000000000000e+00   7.3094369999999997e-01   8.4942150000000005e-01   2.2723769999999999e-01
   1.7215959999999999e+00   0.0000000000000000e+00   7.3009710000000005e-01   8.5056940000000003e-01   2.2742119999999999e-01
   1.7266470000000000e+00   0.0000000000000000e+00   7.2925459999999998e-01   8.5171830000000004e-01   2.2760710000000001e-01
   1.7316970000000000e+00   0.0000000000000000e+00   7.2841619999999996e-01   8.5286810000000002e-01   2.2779520000000000e-01
   1.7367480000000000e+00   0.0000000000000000e+00   7.2758210000000001e-01   8.5401879999999997e-01   2.2798550000000001e-01
   1.7417990000000001e+00   0.0000000000000000e+00   7.2675219999999996e-01   8.5517060000000000e-01   2.2817779999999999e-01
   1.7468500000000000e+00   0.0000000000000000e+00   7.2592639999999997e-01   8.5632330000000001e-01   2.2837220000000000e-01
   1.7519000000000000e+00   0.0000000000000000e+00   7.2510479999999999e-01   8.5747700000000004e-01   2.2856830000000000e-01
   1.7569509999999999e+00   0.0000000000000000e+00   7.2428740000000003e-01   8.5863170000000000e-01   2.2876630000000001e-01
   1.7620020000000001e+00   0.0000000000000000e+00   7.2382880000000005e-01   8.5982400000000003e-01   2.2905750000000000e-01
   1.7670530000000000e+00   0.0000000000000000e+00   7.2308629999999996e-01   8.6098110000000005e-01   2.2922999999999999e-01
   1.7721030000000000e+00   0.0000000000000000e+00   7.2232790000000002e-01   8.6213910000000005e-01   2.2941290000000000e-01
   1.7771539999999999e+00   0.0000000000000000e+00   7.2155999999999998e-01   8.6329809999999996e-01   2.2960230000000001e-01
   1.7822050000000000e+00   0.0000000000000000e+00   7.2078650000000000e-01   8.6445799999999995e-01   2.2979649999999999e-01
   1.7872560000000000e+00   0.0000000000000000e+00   7.2001020000000004e-01   8.6561889999999997e-01   2.2999430000000001e-01
   1.7923060000000000e+00   0.0000000000000000e+00   7.1923280000000001e-01   8.6678080000000002e-01   2.3019490000000001e-01
   1.7973570000000001e+00   0.0000000000000000e+00   7.1845539999999997e-01   8.6794369999999998e-01   2.3039780000000001e-01
   1.8024080000000000e+00   0.0000000000000000e+00   7.1767899999999996e-01   8.6910759999999998e-01   2.3060249999999999e-01
   1.8074589999999999e+00   0.0000000000000000e+00   7.1690419999999999e-01   8.7027259999999995e-01   2.3080880000000001e-01
   1.8125100000000001e+00   0.0000000000000000e+00   7.1613139999999997e-01   8.7143859999999995e-01   2.3101640000000001e-01
   1.8175600000000001e+00   0.0000000000000000e+00   7.1536089999999997e-01   8.7260570000000004e-01   2.3122509999999999e-01
   1.8226110000000000e+00   0.0000000000000000e+00   7.1459289999999998e-01   8.7377389999999999e-01   2.3143449999999999e-01
   1.8276619999999999e+00   0.0000000000000000e+00   7.1382749999999995e-01   8.7494309999999997e-01   2.3164470000000001e-01
   1.8327130000000000e+00   0.0000000000000000e+00   7.1306470000000000e-01   8.7611329999999998e-01   2.3185529999999999e-01
   1.8377630000000000e+00   0.0000000000000000e+00   7.1230450000000001e-01   8.7728459999999997e-01   2.3206620000000000e-01
   1.8428140000000000e+00   0.0000000000000000e+00   7.1154669999999998e-01   8.7845700000000004e-01   2.3227719999999999e-01
   1.8478650000000001e+00   0.0000000000000000e+00   7.1079130000000001e-01   8.7963049999999998e-01   2.3248820000000001e-01
   1.8529160000000000e+00   0.0000000000000000e+00   7.1061140000000000e-01   8.8084010000000001e-01   2.3278190000000001e-01
   1.8579660000000000e+00   0.0000000000000000e+00   7.0991050000000000e-01   8.8201600000000002e-01   2.3295279999999999e-01
   1.8630169999999999e+00   0.0000000000000000e+00   7.0918910000000002e-01   8.8319280000000000e-01   2.3313909999999999e-01
   1.8680680000000001e+00   0.0000000000000000e+00   7.0845619999999998e-01   8.8437060000000001e-01   2.3333240000000000e-01
   1.8731190000000000e+00   0.0000000000000000e+00   7.0771620000000002e-01   8.8554929999999998e-01   2.3352930000000000e-01
   1.8781690000000000e+00   0.0000000000000000e+00   7.0697160000000003e-01   8.8672910000000005e-01   2.3372789999999999e-01
   1.8832199999999999e+00   0.0000000000000000e+00   7.0622399999999996e-01   8.8790979999999997e-01   2.3392700000000000e-01
   1.8882710000000000e+00   0.0000000000000000e+00   7.0547430000000000e-01   8.8909159999999998e-01   2.3412600000000000e-01
   1.8933219999999999e+00   0.0000000000000000e+00   7.0472299999999999e-01   8.9027440000000002e-01   2.3432410000000001e-01
   1.8983719999999999e+00   0.0000000000000000e+00   7.0397040000000000e-01   8.9145819999999998e-01   2.3452100000000001e-01
   1.9034230000000001e+00   0.0000000000000000e+00   7.0321659999999997e-01   8.9264290000000002e-01   2.3471629999999999e-01
   1.9084740000000000e+00   0.0000000000000000e+00   7.0246160000000002e-01   8.9382870000000003e-01   2.3490960000000000e-01
   1.9135249999999999e+00   0.0000000000000000e+00   7.0170520000000003e-01   8.9501540000000002e-01   2.3510080000000000e-01
   1.9185760000000001e+00   0.0000000000000000e+00   7.0094719999999999e-01   8.9620310000000003e-01   2.3528950000000001e-01
   1.9236260000000001e+00   0.0000000000000000e+00   7.0018729999999996e-01   8.9739170000000001e-01   2.3547550000000000e-01
   1.9286770000000000e+00   0.0000000000000000e+00   6.9942539999999997e-01   8.9858130000000003e-01   2.3565880000000000e-01
   1.9337279999999999e+00   0.0000000000000000e+00   6.9975209999999999e-01   8.9979790000000004e-01   2.3590870000000000e-01
   1.9387790000000000e+00   0.0000000000000000e+00   6.9904279999999996e-01   9.0098959999999995e-01   2.3607970000000000e-01
   1.9438290000000000e+00   0.0000000000000000e+00   6.9830709999999996e-01   9.0218220000000005e-01   2.3625879999999999e-01
   1.9488799999999999e+00   0.0000000000000000e+00   6.9755270000000003e-01   9.0337570000000000e-01   2.3643829999999999e-01
   1.9539310000000001e+00   0.0000000000000000e+00   6.9678280000000004e-01   9.0457010000000004e-01   2.3661499999999999e-01
   1.9589820000000000e+00   0.0000000000000000e+00   6.9599909999999998e-01   9.0576540000000005e-01   2.3678720000000000e-01
   1.9640320000000000e+00   0.0000000000000000e+00   6.9520249999999995e-01   9.0696160000000003e-01   2.3695359999999999e-01
   1.9690829999999999e+00   0.0000000000000000e+00   6.9439350000000000e-01   9.0815860000000004e-01   2.3711360000000001e-01
   1.9741340000000001e+00   0.0000000000000000e+00   6.9357230000000003e-01   9.0935639999999995e-01   2.3726670000000000e-01
   1.9791850000000000e+00   0.0000000000000000e+00   6.9273920000000000e-01   9.1055489999999994e-01   2.3741280000000001e-01
   1.9842350000000000e+00   0.0000000000000000e+00   6.9189420000000001e-01   9.1175419999999996e-01   2.3755170000000000e-01
   1.9892860000000001e+00   0.0000000000000000e+00   6.9103749999999997e-01   9.1295409999999999e-01   2.3768370000000000e-01
   1.9943370000000000e+00   0.0000000000000000e+00   6.9016889999999997e-01   9.1415469999999999e-01   2.3780870000000001e-01
   1.9993879999999999e+00   0.0000000000000000e+00   6.9117090000000003e-01   9.1537230000000003e-01   2.3800009999999999e-01
   2.0044390000000001e+00   0.0000000000000000e+00   6.9040270000000004e-01   9.1657449999999996e-01   2.3811769999999999e-01
   2.0094889999999999e+00   0.0000000000000000e+00   6.8959839999999994e-01   9.1777730000000002e-01   2.3823780000000000e-01
   2.0145400000000002e+00   0.0000000000000000e+00   6.8876420000000005e-01   9.1898069999999998e-01   2.3835260000000000e-01
   2.0195910000000001e+00   0.0000000000000000e+00   6.8790229999999997e-01   9.2018460000000002e-01   2.3845900000000000e-01
   2.0246420000000001e+00   0.0000000000000000e+00   6.8701360000000000e-01   9.2138909999999996e-01   2.3855520000000000e-01
   2.0296919999999998e+00   0.0000000000000000e+00   6.8609909999999996e-01   9.2259400000000003e-01   2.3863999999999999e-01
   2.0347430000000002e+00   0.0000000000000000e+00   6.8515990000000004e-01   9.2379929999999999e-01   2.3871290000000001e-01
   2.0397940000000001e+00   0.0000000000000000e+00   6.8419750000000001e-01   9.2500499999999997e-01   2.3877350000000000e-01
   2.0448450000000000e+00   0.0000000000000000e+00   6.8321350000000003e-01   9.2621089999999995e-01   2.3882139999999999e-01
   2.0498949999999998e+00   0.0000000000000000e+00   6.8220919999999996e-01   9.2741709999999999e-01   2.3885629999999999e-01
   2.0549460000000002e+00   0.0000000000000000e+00   6.8118610000000002e-01   9.2862339999999999e-01   2.3887790000000000e-01
   2.0599970000000001e+00   0.0000000000000000e+00   6.8211029999999995e-01   9.2982730000000002e-01   2.3897550000000001e-01
   2.0650480000000000e+00   0.0000000000000000e+00   6.8119229999999997e-01   9.3103420000000003e-01   2.3898040000000001e-01
   2.0700980000000002e+00   0.0000000000000000e+00   6.8024359999999995e-01   9.3224110000000004e-01   2.3897350000000001e-01
   2.0751490000000001e+00   0.0000000000000000e+00   6.7926679999999995e-01   9.3344790000000000e-01   2.3895050000000001e-01
   2.0802000000000000e+00   0.0000000000000000e+00   6.7826339999999996e-01   9.3465450000000005e-01   2.3890939999999999e-01
   2.0852510000000000e+00   0.0000000000000000e+00   6.7723449999999996e-01   9.3586100000000005e-01   2.3884870000000000e-01
   2.0903010000000002e+00   0.0000000000000000e+00   6.7618140000000004e-01   9.3706699999999998e-01   2.3876760000000000e-01
   2.0953520000000001e+00   0.0000000000000000e+00   6.7510530000000002e-01   9.3827260000000001e-01   2.3866570000000001e-01
   2.1004030000000000e+00   0.0000000000000000e+00   6.7400810000000000e-01   9.3947769999999997e-01   2.3854280000000000e-01
   2.1054539999999999e+00   0.0000000000000000e+00   6.7289149999999998e-01   9.4068209999999997e-01   2.3839859999999999e-01
