   8.2499999000000002e-01   1.0763654000000000e+00
   8.1818033000000001e-01   1.0931803000000000e+00
   8.1495276999999999e-01   1.1000000000000001e+00
   8.1818033000000001e-01   1.0931803000000000e+00
   3.0000000999999998e-01   1.2228810999999999e+00
   2.9227271999999999e-01   1.2172727000000001e+00
   2.8669770999999999e-01   1.2133023000000001e+00
   2.9227271999999999e-01   1.2172727000000001e+00
   2.7500001000000002e-01   1.2039257000000001e+00
   2.8669770999999999e-01   1.2133023000000001e+00
   4.7499998999999998e-01   1.2858987000000000e+00
   4.8630373999999998e-01   1.2863038000000000e+00
   4.8861337999999999e-01   1.2863865999999999e+00
   4.8630373999999998e-01   1.2863038000000000e+00
   5.0000000000000000e-01   1.2867945999999999e+00
   4.8861337999999999e-01   1.2863865999999999e+00
   4.1297897000000000e-01   1.2749999999999999e+00
   4.2249119000000002e-01   1.2775088000000001e+00
   4.2500000999999998e-01   1.2781583000000001e+00
   4.2249119000000002e-01   1.2775088000000001e+00
   6.9999999000000002e-01   1.2228832999999999e+00
   6.9873702000000004e-01   1.2237370000000001e+00
   6.9676819000000001e-01   1.2250000000000001e+00
   6.9873702000000004e-01   1.2237370000000001e+00
   3.2499999000000002e-01   9.2272905000000005e-01
   3.2297904999999999e-01   9.2297905999999996e-01
   3.0806804999999998e-01   9.2500000999999998e-01
   3.2297904999999999e-01   9.2297905999999996e-01
   4.0000001000000002e-01   9.1751651999999995e-01
   3.9289236000000000e-01   9.1789235000000002e-01
   3.8154944000000002e-01   9.1845056999999997e-01
   3.9289236000000000e-01   9.1789235000000002e-01
   3.7500000000000000e-01   9.1879447999999997e-01
   3.8154944000000002e-01   9.1845056999999997e-01
   5.2499998000000003e-01   9.1575361000000000e-01
   5.1568853000000003e-01   9.1568854000000000e-01
   5.0933143999999997e-01   9.1566855000000003e-01
   5.1568853000000003e-01   9.1568854000000000e-01
   5.0000000000000000e-01   9.1560282999999998e-01
   5.0933143999999997e-01   9.1566855000000003e-01
   6.0000001999999997e-01   9.1751938000000000e-01
   5.9226740000000000e-01   9.1726739000000002e-01
   5.8306842000000003e-01   9.1693157999999997e-01
   5.9226740000000000e-01   9.1726739000000002e-01
   5.7499999000000002e-01   9.1667076000000003e-01
   5.8306842000000003e-01   9.1693157999999997e-01
   4.2500000999999998e-01   9.1666873999999998e-01
   4.1692934999999998e-01   9.1692934000000004e-01
   4.0773530000000002e-01   9.1726472000000003e-01
   4.1692934999999998e-01   9.1692934000000004e-01
   4.0000001000000002e-01   9.1751651999999995e-01
   4.0773530000000002e-01   9.1726472000000003e-01
   5.0000000000000000e-01   9.1560282999999998e-01
   4.9066831000000000e-01   9.1566831000000004e-01
   4.8431185999999998e-01   9.1568813000000004e-01
   4.9066831000000000e-01   9.1566831000000004e-01
   4.7499998999999998e-01   9.1575297000000000e-01
   4.8431185999999998e-01   9.1568813000000004e-01
   6.2500000000000000e-01   9.1879778999999995e-01
   6.1845397000000002e-01   9.1845396000000001e-01
   6.0710485999999997e-01   9.1789516000000004e-01
   6.1845397000000002e-01   9.1845396000000001e-01
   6.0000001999999997e-01   9.1751938000000000e-01
   6.0710485999999997e-01   9.1789516000000004e-01
   6.9190101000000004e-01   9.2500000999999998e-01
   6.7701749000000000e-01   9.2298252999999997e-01
   6.7500000999999998e-01   9.2273282000000001e-01
   6.7701749000000000e-01   9.2298252999999997e-01
   1.8504783000000000e-01   1.1000000000000001e+00
   1.8181957000000001e-01   1.0931804000000001e+00
   1.7499999999999999e-01   1.0763638000000000e+00
   1.8181957000000001e-01   1.0931804000000001e+00
   2.0000000000000001e-01   1.1231469000000001e+00
   1.9071605000000000e-01   1.1092839000000001e+00
   1.8504783000000000e-01   1.1000000000000001e+00
   1.9071605000000000e-01   1.1092839000000001e+00
   2.0127357000000001e-01   1.1250000000000000e+00
   2.0074872999999999e-01   1.1242513000000001e+00
   2.0000000000000001e-01   1.1231469000000001e+00
   2.0074872999999999e-01   1.1242513000000001e+00
   8.0000000999999998e-01   1.1231471000000000e+00
   7.9925128000000001e-01   1.1242513000000001e+00
   7.9872646999999997e-01   1.1250000000000000e+00
   7.9925128000000001e-01   1.1242513000000001e+00
   8.1495276999999999e-01   1.1000000000000001e+00
   8.0928460000000002e-01   1.1092846000000001e+00
   8.0000000999999998e-01   1.1231471000000000e+00
   8.0928460000000002e-01   1.1092846000000001e+00
   3.0323531999999997e-01   1.2250000000000001e+00
   3.0126433000000002e-01   1.2237357000000000e+00
   3.0000000999999998e-01   1.2228810999999999e+00
   3.0126433000000002e-01   1.2237357000000000e+00
   5.7499999000000002e-01   1.2781602999999999e+00
   5.7751041000000003e-01   1.2775103999999999e+00
   5.8702849000000001e-01   1.2749999999999999e+00
   5.7751041000000003e-01   1.2775103999999999e+00
   5.0000000000000000e-01   1.2867945999999999e+00
   5.1138665999999999e-01   1.2863867000000000e+00
   5.1369619000000000e-01   1.2863038000000000e+00
   5.1138665999999999e-01   1.2863867000000000e+00
   5.2499998000000003e-01   1.2858988000000000e+00
   5.1369619000000000e-01   1.2863038000000000e+00
   7.2500001999999997e-01   1.2039282000000000e+00
   7.1330360000000004e-01   1.2133035999999999e+00
   7.0771932000000004e-01   1.2172807000000001e+00
   7.1330360000000004e-01   1.2133035999999999e+00
   6.9999999000000002e-01   1.2228832999999999e+00
   7.0771932000000004e-01   1.2172807000000001e+00
   8.3783538000000002e-01   1.0128353999999999e+00
   8.3779587000000000e-01   1.0122040999999999e+00
   8.3910684000000002e-01   1.0249999999999999e+00
   8.3783538000000002e-01   1.0128353999999999e+00
   8.3639494999999997e-01   1.0000000000000000e+00
   8.3779587000000000e-01   1.0122040999999999e+00
   8.3558902000000002e-01   1.0500000000000000e+00
   8.3739744999999999e-01   1.0376026000000000e+00
   8.3742855999999999e-01   1.0374285999999999e+00
   8.3739744999999999e-01   1.0376026000000000e+00
   8.3910684000000002e-01   1.0249999999999999e+00
   8.3742855999999999e-01   1.0374285999999999e+00
   1.7403951000000001e-01   9.7500001999999997e-01
   1.7336162999999999e-01   9.7663838999999997e-01
   1.6674300000000000e-01   9.9174300999999998e-01
   1.7336162999999999e-01   9.7663838999999997e-01
   1.6360002000000001e-01   1.0000000000000000e+00
   1.6674300000000000e-01   9.9174300999999998e-01
   1.7499999999999999e-01   9.7367687000000003e-01
   1.7442110999999999e-01   9.7442112999999997e-01
   1.7403951000000001e-01   9.7500001999999997e-01
   1.7442110999999999e-01   9.7442112999999997e-01
   2.0000000000000001e-01   9.5449181999999999e-01
   1.8810541000000000e-01   9.6189460000000004e-01
   1.7499999999999999e-01   9.7367687000000003e-01
   1.8732386000000001e-01   9.6232386000000003e-01
   1.8810541000000000e-01   9.6189460000000004e-01
   1.8732386000000001e-01   9.6232386000000003e-01
   2.1184260999999999e-01   9.4999999000000002e-01
   2.0322655000000001e-01   9.5322653999999996e-01
   2.0000000000000001e-01   9.5449181999999999e-01
   2.0322655000000001e-01   9.5322653999999996e-01
   8.0000000999999998e-01   9.5449625999999999e-01
   7.9677012999999997e-01   9.5322987000000003e-01
   7.8814605000000004e-01   9.4999999000000002e-01
   7.9677012999999997e-01   9.5322987000000003e-01
   8.1267535999999996e-01   9.6232465000000000e-01
   8.1189792999999999e-01   9.6189793999999995e-01
   8.2499999000000002e-01   9.7367691000000001e-01
   8.1267535999999996e-01   9.6232465000000000e-01
   8.0000000999999998e-01   9.5449625999999999e-01
   8.1189792999999999e-01   9.6189793999999995e-01
   8.2596009000000004e-01   9.7500001999999997e-01
   8.2557875000000003e-01   9.7442125999999996e-01
   8.2499999000000002e-01   9.7367691000000001e-01
   8.2557875000000003e-01   9.7442125999999996e-01
   8.3639494999999997e-01   1.0000000000000000e+00
   8.3325388000000000e-01   9.9174611999999995e-01
   8.2663717000000003e-01   9.7663719000000004e-01
   8.3325388000000000e-01   9.9174611999999995e-01
   8.2596009000000004e-01   9.7500001999999997e-01
   8.2663717000000003e-01   9.7663719000000004e-01
   1.6088937000000000e-01   1.0249999999999999e+00
   1.6256867000000000e-01   1.0374312999999999e+00
   1.6259857000000000e-01   1.0375985999999999e+00
   1.6256867000000000e-01   1.0374312999999999e+00
   1.6440805000000000e-01   1.0500000000000000e+00
   1.6259857000000000e-01   1.0375985999999999e+00
   1.6360002000000001e-01   1.0000000000000000e+00
   1.6220010000000001e-01   1.0122001000000000e+00
   1.6088937000000000e-01   1.0249999999999999e+00
   1.6216003000000001e-01   1.0128400000000000e+00
   1.6220010000000001e-01   1.0122001000000000e+00
   1.6216003000000001e-01   1.0128400000000000e+00
   2.2043076000000000e-01   1.1499999999999999e+00
   2.2253861999999999e-01   1.1524614000000000e+00
   2.2499999000000001e-01   1.1553207999999999e+00
   2.2253861999999999e-01   1.1524614000000000e+00
   2.4318558000000001e-01   1.1750000000000000e+00
   2.3420846000000001e-01   1.1657915000000001e+00
   2.2499999000000001e-01   1.1553207999999999e+00
   2.3420846000000001e-01   1.1657915000000001e+00
   2.4318558000000001e-01   1.1750000000000000e+00
   2.4659323000000000e-01   1.1784068000000001e+00
   2.5000000000000000e-01   1.1817831999999999e+00
   2.4659323000000000e-01   1.1784068000000001e+00
   7.5000000000000000e-01   1.1817842999999999e+00
   7.5340726999999996e-01   1.1784072999999999e+00
   7.5681580999999998e-01   1.1750000000000000e+00
   7.5340726999999996e-01   1.1784072999999999e+00
   7.7499998000000003e-01   1.1553225000000000e+00
   7.6579277999999995e-01   1.1657928000000000e+00
   7.5681580999999998e-01   1.1750000000000000e+00
   7.6579277999999995e-01   1.1657928000000000e+00
   7.7499998000000003e-01   1.1553225000000000e+00
   7.7746203000000003e-01   1.1524620999999999e+00
   7.7957045000000003e-01   1.1499999999999999e+00
   7.7746203000000003e-01   1.1524620999999999e+00
   8.2558398000000000e-01   1.0750000000000000e+00
   8.2596007999999999e-01   1.0740399000000000e+00
   8.3282842000000001e-01   1.0578284000000000e+00
   8.2596007999999999e-01   1.0740399000000000e+00
   8.3558902000000002e-01   1.0500000000000000e+00
   8.3282842000000001e-01   1.0578284000000000e+00
   8.2499999000000002e-01   1.0763654000000000e+00
   8.2540137999999996e-01   1.0754014000000001e+00
   8.2558398000000000e-01   1.0750000000000000e+00
   8.2540137999999996e-01   1.0754014000000001e+00
   2.7032513000000002e-01   1.2000000000000000e+00
   2.7286870000000002e-01   1.2021313000000000e+00
   2.7500001000000002e-01   1.2039257000000001e+00
   2.7286870000000002e-01   1.2021313000000000e+00
   4.4999999000000002e-01   1.2830859999999999e+00
   4.5910658999999998e-01   1.2841066000000001e+00
   4.6519292000000001e-01   1.2848071000000001e+00
   4.5910658999999998e-01   1.2841066000000001e+00
   4.7499998999999998e-01   1.2858987000000000e+00
   4.6519292000000001e-01   1.2848071000000001e+00
   4.1297897000000000e-01   1.2749999999999999e+00
   4.0264296999999999e-01   1.2723570000000000e+00
   4.0000001000000002e-01   1.2716392999999999e+00
   4.0264296999999999e-01   1.2723570000000000e+00
   4.2500000999999998e-01   1.2781583000000001e+00
   4.2889966000000002e-01   1.2788997000000000e+00
   4.4316392999999998e-01   1.2818361000000000e+00
   4.2889966000000002e-01   1.2788997000000000e+00
   4.4999999000000002e-01   1.2830859999999999e+00
   4.4316392999999998e-01   1.2818361000000000e+00
   6.7500000999999998e-01   1.2389193999999999e+00
   6.8362098000000004e-01   1.2336210000000001e+00
   6.9676819000000001e-01   1.2250000000000001e+00
   6.8362098000000004e-01   1.2336210000000001e+00
   6.7500000999999998e-01   1.2389193999999999e+00
   6.6787611999999996e-01   1.2428760999999999e+00
   6.5362370000000003e-01   1.2500000000000000e+00
   6.6787611999999996e-01   1.2428760999999999e+00
   6.5362370000000003e-01   1.2500000000000000e+00
   6.5121094000000002e-01   1.2512110000000001e+00
   6.4999998000000003e-01   1.2518256000000001e+00
   6.5121094000000002e-01   1.2512110000000001e+00
   6.2500000000000000e-01   1.2631995000000000e+00
   6.1627217999999995e-01   1.2662722000000000e+00
   6.0507937999999994e-01   1.2699206000000001e+00
   6.1627217999999995e-01   1.2662722000000000e+00
   6.0000001999999997e-01   1.2716411000000001e+00
   6.0507937999999994e-01   1.2699206000000001e+00
   6.4999998000000003e-01   1.2518256000000001e+00
   6.4663992000000003e-01   1.2533601000000001e+00
   6.2500000000000000e-01   1.2631995000000000e+00
   6.3422829999999997e-01   1.2592283000000000e+00
   6.4663992000000003e-01   1.2533601000000001e+00
   6.3422829999999997e-01   1.2592283000000000e+00
   3.4999998999999998e-01   9.2054448000000000e-01
   3.4592216999999997e-01   9.2092218000000003e-01
   3.2749953999999998e-01   9.2250045999999997e-01
   3.4592216999999997e-01   9.2092218000000003e-01
   3.2499999000000002e-01   9.2272905000000005e-01
   3.2749953999999998e-01   9.2250045999999997e-01
   3.0000000999999998e-01   9.2610415999999995e-01
   3.0096936000000002e-01   9.2596935999999996e-01
   3.0806804999999998e-01   9.2500000999999998e-01
   3.0096936000000002e-01   9.2596935999999996e-01
   3.7500000000000000e-01   9.1879447999999997e-01
   3.6918371000000000e-01   9.1918372000000004e-01
   3.5477839000000000e-01   9.2022161000000002e-01
   3.6918371000000000e-01   9.1918372000000004e-01
   3.4999998999999998e-01   9.2054448000000000e-01
   3.5477839000000000e-01   9.2022161000000002e-01
   2.3298052000000000e-01   9.4201946999999997e-01
   2.3956659999999999e-01   9.3956660000000003e-01
   2.2499999000000001e-01   9.4492863999999999e-01
   2.3298052000000000e-01   9.4201946999999997e-01
   2.5000000000000000e-01   9.3585666000000001e-01
   2.3956659999999999e-01   9.3956660000000003e-01
   2.2499999000000001e-01   9.4492863999999999e-01
   2.2131018999999999e-01   9.4631019000000005e-01
   2.1184260999999999e-01   9.4999999000000002e-01
   2.2131018999999999e-01   9.4631019000000005e-01
   2.7500001000000002e-01   9.3003844999999996e-01
   2.7935833999999998e-01   9.2935833000000001e-01
   2.9869099999999998e-01   9.2630902000000004e-01
   2.7935833999999998e-01   9.2935833000000001e-01
   3.0000000999999998e-01   9.2610415999999995e-01
   2.9869099999999998e-01   9.2630902000000004e-01
   2.5000000000000000e-01   9.3585666000000001e-01
   2.5871874000000000e-01   9.3371873999999999e-01
   2.6841063999999998e-01   9.3158936999999997e-01
   2.5871874000000000e-01   9.3371873999999999e-01
   2.7500001000000002e-01   9.3003844999999996e-01
   2.6841063999999998e-01   9.3158936999999997e-01
   5.5000000999999998e-01   9.1604816000000000e-01
   5.4095088000000002e-01   9.1595088000000002e-01
   5.3414879999999998e-01   9.1585119000000004e-01
   5.4095088000000002e-01   9.1595088000000002e-01
   5.2499998000000003e-01   9.1575361000000000e-01
   5.3414879999999998e-01   9.1585119000000004e-01
   5.7499999000000002e-01   9.1667076000000003e-01
   5.6644872999999996e-01   9.1644873000000004e-01
   5.5872363000000003e-01   9.1627636999999995e-01
   5.6644872999999996e-01   9.1644873000000004e-01
   5.5000000999999998e-01   9.1604816000000000e-01
   5.5872363000000003e-01   9.1627636999999995e-01
   4.4999999000000002e-01   9.1604662999999997e-01
   4.4127473000000000e-01   9.1627473000000004e-01
   4.3355318999999998e-01   9.1644682000000000e-01
   4.4127473000000000e-01   9.1627473000000004e-01
   4.2500000999999998e-01   9.1666873999999998e-01
   4.3355318999999998e-01   9.1644682000000000e-01
   4.7499998999999998e-01   9.1575297000000000e-01
   4.6585021999999998e-01   9.1585022999999999e-01
   4.5905033000000001e-01   9.1594966000000000e-01
   4.6585021999999998e-01   9.1585022999999999e-01
   4.4999999000000002e-01   9.1604662999999997e-01
   4.5905033000000001e-01   9.1594966000000000e-01
   7.2500001999999997e-01   9.3004293000000005e-01
   7.3159481999999998e-01   9.3159481000000000e-01
   7.4127814999999997e-01   9.3372186000000001e-01
   7.3159481999999998e-01   9.3159481000000000e-01
   7.5000000000000000e-01   9.3586007999999998e-01
   7.4127814999999997e-01   9.3372186000000001e-01
   6.9999999000000002e-01   9.2610855000000003e-01
   7.0131421000000005e-01   9.2631421999999997e-01
   7.2063778000000001e-01   9.2936224000000001e-01
   7.0131421000000005e-01   9.2631421999999997e-01
   7.2500001999999997e-01   9.3004293000000005e-01
   7.2063778000000001e-01   9.2936224000000001e-01
   7.8814605000000004e-01   9.4999999000000002e-01
   7.7868705000000005e-01   9.4631292000000000e-01
   7.7499998000000003e-01   9.4493207999999995e-01
   7.7868705000000005e-01   9.4631292000000000e-01
   7.5000000000000000e-01   9.3586007999999998e-01
   7.6043105000000000e-01   9.3956894000000002e-01
   7.7499998000000003e-01   9.4493207999999995e-01
   7.6702484000000004e-01   9.4202485000000002e-01
   7.6043105000000000e-01   9.3956894000000002e-01
   7.6702484000000004e-01   9.4202485000000002e-01
   6.4999998000000003e-01   9.2054798999999998e-01
   6.4522526000000002e-01   9.2022528000000003e-01
   6.3081306000000004e-01   9.1918692999999996e-01
   6.4522526000000002e-01   9.2022528000000003e-01
   6.2500000000000000e-01   9.1879778999999995e-01
   6.3081306000000004e-01   9.1918692999999996e-01
   6.9190101000000004e-01   9.2500000999999998e-01
   6.9902679999999995e-01   9.2597320000000005e-01
   6.9999999000000002e-01   9.2610855000000003e-01
   6.9902679999999995e-01   9.2597320000000005e-01
   6.7500000999999998e-01   9.2273282000000001e-01
   6.7250463000000005e-01   9.2250463000000005e-01
   6.5407466000000003e-01   9.2092532999999999e-01
   6.7250463000000005e-01   9.2250463000000005e-01
   6.4999998000000003e-01   9.2054798999999998e-01
   6.5407466000000003e-01   9.2092532999999999e-01
   1.7441666000000000e-01   1.0750000000000000e+00
   1.7459907999999999e-01   1.0754009000000000e+00
   1.7499999999999999e-01   1.0763638000000000e+00
   1.7459907999999999e-01   1.0754009000000000e+00
   1.6440805000000000e-01   1.0500000000000000e+00
   1.6716971999999999e-01   1.0578303000000000e+00
   1.7404075999999999e-01   1.0740407999999999e+00
   1.6716971999999999e-01   1.0578303000000000e+00
   1.7441666000000000e-01   1.0750000000000000e+00
   1.7404075999999999e-01   1.0740407999999999e+00
   2.0491976000000001e-01   1.1299197999999999e+00
   2.1131920000000001e-01   1.1386807999999999e+00
   2.0127357000000001e-01   1.1250000000000000e+00
   2.0491976000000001e-01   1.1299197999999999e+00
   2.2043076000000000e-01   1.1499999999999999e+00
   2.1131920000000001e-01   1.1386807999999999e+00
   2.5000000000000000e-01   1.1817831999999999e+00
   2.5930713999999999e-01   1.1906928999999999e+00
   2.7032513000000002e-01   1.2000000000000000e+00
   2.5930713999999999e-01   1.1906928999999999e+00
   7.2967784999999996e-01   1.2000000000000000e+00
   7.4069386000000004e-01   1.1906939000000001e+00
   7.5000000000000000e-01   1.1817842999999999e+00
   7.4069386000000004e-01   1.1906939000000001e+00
   7.7957045000000003e-01   1.1499999999999999e+00
   7.8868143999999996e-01   1.1386814000000001e+00
   7.9872646999999997e-01   1.1250000000000000e+00
   7.9508168999999995e-01   1.1299182999999999e+00
   7.8868143999999996e-01   1.1386814000000001e+00
   7.9508168999999995e-01   1.1299182999999999e+00
   3.6577285999999998e-01   1.2592270999999999e+00
   3.5335579000000000e-01   1.2533558000000000e+00
   3.7500000000000000e-01   1.2631980000000000e+00
   3.6577285999999998e-01   1.2592270999999999e+00
   3.4999998999999998e-01   1.2518232000000000e+00
   3.5335579000000000e-01   1.2533558000000000e+00
   4.0000001000000002e-01   1.2716392999999999e+00
   3.9491799000000000e-01   1.2699180000000001e+00
   3.8372905000000002e-01   1.2662709999999999e+00
   3.9491799000000000e-01   1.2699180000000001e+00
   3.7500000000000000e-01   1.2631980000000000e+00
   3.8372905000000002e-01   1.2662709999999999e+00
   3.4999998999999998e-01   1.2518232000000000e+00
   3.4879065999999997e-01   1.2512093000000000e+00
   3.4638109000000000e-01   1.2500000000000000e+00
   3.4879065999999997e-01   1.2512093000000000e+00
   3.4638109000000000e-01   1.2500000000000000e+00
   3.3212533000000000e-01   1.2428747000000000e+00
   3.2499999000000002e-01   1.2389171000000001e+00
   3.3212533000000000e-01   1.2428747000000000e+00
   3.0323531999999997e-01   1.2250000000000001e+00
   3.1638040000000001e-01   1.2336195999999999e+00
   3.2499999000000002e-01   1.2389171000000001e+00
   3.1638040000000001e-01   1.2336195999999999e+00
   5.5000000999999998e-01   1.2830866999999999e+00
   5.5683696000000005e-01   1.2818369999999999e+00
   5.7109810999999999e-01   1.2789018999999999e+00
   5.5683696000000005e-01   1.2818369999999999e+00
   5.7499999000000002e-01   1.2781602999999999e+00
   5.7109810999999999e-01   1.2789018999999999e+00
   6.0000001999999997e-01   1.2716411000000001e+00
   5.9735850999999995e-01   1.2723584999999999e+00
   5.8702849000000001e-01   1.2749999999999999e+00
   5.9735850999999995e-01   1.2723584999999999e+00
   5.2499998000000003e-01   1.2858988000000000e+00
   5.3480731999999997e-01   1.2848073000000000e+00
   5.4089282999999999e-01   1.2841072000000000e+00
   5.3480731999999997e-01   1.2848073000000000e+00
   5.5000000999999998e-01   1.2830866999999999e+00
   5.4089282999999999e-01   1.2841072000000000e+00
   7.2500001999999997e-01   1.2039282000000000e+00
   7.2713269999999997e-01   1.2021326999999999e+00
   7.2967784999999996e-01   1.2000000000000000e+00
   7.2713269999999997e-01   1.2021326999999999e+00
