   6.4981206999999996e-01   1.2500000000000000e+00
   6.4994026999999999e-01   1.2499403000000000e+00
   6.4999998000000003e-01   1.2499122000000000e+00
   6.4994026999999999e-01   1.2499403000000000e+00
   2.0624999999999999e-01   9.5410119999999998e-01
   2.0487467000000001e-01   9.5487467999999998e-01
   2.0253386000000001e-01   9.5625000999999998e-01
   2.0487467000000001e-01   9.5487467999999998e-01
   7.9744362000000002e-01   9.5625000999999998e-01
   7.9511630000000000e-01   9.5488370000000000e-01
   7.9374999000000002e-01   9.5411279999999998e-01
   7.9511630000000000e-01   9.5488370000000000e-01
   3.4999998999999998e-01   1.2499099000000000e+00
   3.5006130000000002e-01   1.2499387000000000e+00
   3.5019292000000002e-01   1.2500000000000000e+00
   3.5006130000000002e-01   1.2499387000000000e+00
   6.4999998000000003e-01   1.2499122000000000e+00
   6.5016885999999996e-01   1.2498311000000000e+00
   6.5625000000000000e-01   1.2469115000000000e+00
   6.5417453000000003e-01   1.2479245000000001e+00
   6.5016885999999996e-01   1.2498311000000000e+00
   6.5417453000000003e-01   1.2479245000000001e+00
   6.4375000999999998e-01   1.2528319000000001e+00
   6.4568612000000003e-01   1.2519361000000000e+00
   6.4981206999999996e-01   1.2500000000000000e+00
   6.4568612000000003e-01   1.2519361000000000e+00
   3.5019292000000002e-01   1.2500000000000000e+00
   3.5431546000000003e-01   1.2519345000000000e+00
   3.5624999000000002e-01   1.2528296000000001e+00
   3.5431546000000003e-01   1.2519345000000000e+00
   3.4582713999999998e-01   1.2479229000000001e+00
   3.4982658000000000e-01   1.2498266000000000e+00
   3.4375000000000000e-01   1.2469089000000000e+00
   3.4582713999999998e-01   1.2479229000000001e+00
   3.4999998999999998e-01   1.2499099000000000e+00
   3.4982658000000000e-01   1.2498266000000000e+00
   1.7845443000000000e-01   9.7500001999999997e-01
   1.7678506999999999e-01   9.7678507999999997e-01
   1.7499999999999999e-01   9.7890935999999995e-01
   1.7678506999999999e-01   9.7678507999999997e-01
   8.2499999000000002e-01   9.7891863999999995e-01
   8.2321018000000001e-01   9.7678982999999997e-01
   8.2153467000000002e-01   9.7500001999999997e-01
   8.2321018000000001e-01   9.7678982999999997e-01
   8.1897523000000005e-01   1.1000000000000001e+00
   8.1930168999999997e-01   1.0994482999999999e+00
   8.2122817999999997e-01   1.0962282000000001e+00
   8.1930168999999997e-01   1.0994482999999999e+00
   8.2264866000000003e-01   1.0937500000000000e+00
   8.2122817999999997e-01   1.0962282000000001e+00
   2.9591381999999999e-01   1.2187500000000000e+00
   2.9834298999999997e-01   1.2204070000000000e+00
   3.0000000999999998e-01   1.2215290000000001e+00
   2.9834298999999997e-01   1.2204070000000000e+00
   2.7864782999999999e-01   1.2062500000000000e+00
   2.7657089000000001e-01   1.2046790999999999e+00
   2.7500001000000002e-01   1.2034575000000001e+00
   2.7657089000000001e-01   1.2046790999999999e+00
   4.2500000999999998e-01   1.2759062000000001e+00
   4.2426591000000002e-01   1.2757341000000000e+00
   4.2115691999999999e-01   1.2749999999999999e+00
   4.2426591000000002e-01   1.2757341000000000e+00
   6.9467396999999997e-01   1.2250000000000001e+00
   6.9791477999999996e-01   1.2229148000000001e+00
   6.9999999000000002e-01   1.2215324000000001e+00
   6.9791477999999996e-01   1.2229148000000001e+00
   3.2036568999999998e-01   9.2338430999999999e-01
   3.2305465000000000e-01   9.2305466999999997e-01
   3.1874998999999998e-01   9.2357993000000005e-01
   3.2036568999999998e-01   9.2338430999999999e-01
   3.2499999000000002e-01   9.2281994000000001e-01
   3.2305465000000000e-01   9.2305466999999997e-01
   6.7500000999999998e-01   9.2282363000000001e-01
   6.7694198999999999e-01   9.2305800999999998e-01
   6.8124998000000003e-01   9.2358384999999998e-01
   6.7963868999999999e-01   9.2338869999999995e-01
   6.7694198999999999e-01   9.2305800999999998e-01
   6.7963868999999999e-01   9.2338869999999995e-01
   1.7735477999999999e-01   1.0937500000000000e+00
   1.7877401000000001e-01   1.0962259999999999e+00
   1.8070742000000001e-01   1.0994573999999999e+00
   1.7877401000000001e-01   1.0962259999999999e+00
   1.8102852000000000e-01   1.1000000000000001e+00
   1.8070742000000001e-01   1.0994573999999999e+00
   1.9768322999999999e-01   1.1250000000000000e+00
   1.9602469000000000e-01   1.1227252999999999e+00
   1.9374999000000001e-01   1.1195257000000001e+00
   1.9602469000000000e-01   1.1227252999999999e+00
   1.8102852000000000e-01   1.1000000000000001e+00
   1.8111179999999999e-01   1.1001382000000000e+00
   1.8125000999999999e-01   1.1003708999999999e+00
   1.8111179999999999e-01   1.1001382000000000e+00
   8.1875001999999997e-01   1.1003772000000001e+00
   8.1889056000000005e-01   1.1001405000000000e+00
   8.1897523000000005e-01   1.1000000000000001e+00
   8.1889056000000005e-01   1.1001405000000000e+00
   8.0624998000000003e-01   1.1195314999999999e+00
   8.0397779000000003e-01   1.1227278000000001e+00
   8.0232117000000003e-01   1.1250000000000000e+00
   8.0397779000000003e-01   1.1227278000000001e+00
   3.0000000999999998e-01   1.2215290000000001e+00
   3.0208727000000002e-01   1.2229127000000000e+00
   3.0533123000000001e-01   1.2250000000000001e+00
   3.0208727000000002e-01   1.2229127000000000e+00
   5.7884864999999996e-01   1.2749999999999999e+00
   5.7573503999999998e-01   1.2757350000000001e+00
   5.7499999000000002e-01   1.2759073999999999e+00
   5.7573503999999998e-01   1.2757350000000001e+00
   7.2500001999999997e-01   1.2034613999999999e+00
   7.2343133000000004e-01   1.2046813000000001e+00
   7.2135729000000004e-01   1.2062500000000000e+00
   7.2343133000000004e-01   1.2046813000000001e+00
   6.9999999000000002e-01   1.2215324000000001e+00
   7.0165904000000001e-01   1.2204090000000001e+00
   7.0409120999999997e-01   1.2187500000000000e+00
   7.0165904000000001e-01   1.2204090000000001e+00
   1.7499999999999999e-01   9.7890935999999995e-01
   1.7392701999999999e-01   9.8017701999999995e-01
   1.7306226000000000e-01   9.8124999000000002e-01
   1.7392701999999999e-01   9.8017701999999995e-01
   1.8125000999999999e-01   9.7218640000000001e-01
   1.7982471999999999e-01   9.7357473000000005e-01
   1.7845443000000000e-01   9.7500001999999997e-01
   1.7982471999999999e-01   9.7357473000000005e-01
   8.2153467000000002e-01   9.7500001999999997e-01
   8.2017013000000005e-01   9.7357990000000005e-01
   8.1875001999999997e-01   9.7219749000000000e-01
   8.2017013000000005e-01   9.7357990000000005e-01
   8.2693059000000002e-01   9.8124999000000002e-01
   8.2606937999999996e-01   9.8018061000000001e-01
   8.2499999000000002e-01   9.7891863999999995e-01
   8.2606937999999996e-01   9.8018061000000001e-01
   2.2366442000000000e-01   1.1562500000000000e+00
   2.2131677999999999e-01   1.1536831999999999e+00
   2.1875000000000000e-01   1.1508244000000001e+00
   2.2131677999999999e-01   1.1536831999999999e+00
   2.4878951999999999e-01   1.1812499999999999e+00
   2.4616152999999999e-01   1.1788384999999999e+00
   2.4375000999999999e-01   1.1765661999999999e+00
   2.4616152999999999e-01   1.1788384999999999e+00
   7.5625001999999997e-01   1.1765709000000000e+00
   7.5384085999999995e-01   1.1788407999999999e+00
   7.5121539999999998e-01   1.1812499999999999e+00
   7.5384085999999995e-01   1.1788407999999999e+00
   7.8125000000000000e-01   1.1508297999999999e+00
   7.7868577999999999e-01   1.1536858000000001e+00
   7.7634046000000001e-01   1.1562500000000000e+00
   7.7868577999999999e-01   1.1536858000000001e+00
   8.3125000999999998e-01   1.0762293000000001e+00
   8.2974970999999997e-01   1.0797497000000000e+00
   8.2907014000000001e-01   1.0812500000000000e+00
   8.2974970999999997e-01   1.0797497000000000e+00
   2.7500001000000002e-01   1.2034575000000001e+00
   2.7306482999999998e-01   1.2019352000000001e+00
   2.7063772000000003e-01   1.2000000000000000e+00
   2.7306482999999998e-01   1.2019352000000001e+00
   4.5488166000000002e-01   1.2812500000000000e+00
   4.5058880000000001e-01   1.2806611999999999e+00
   4.4999999000000002e-01   1.2805797000000001e+00
   4.5058880000000001e-01   1.2806611999999999e+00
   4.2115691999999999e-01   1.2749999999999999e+00
   4.1920682999999997e-01   1.2745432000000001e+00
   4.1874999000000002e-01   1.2744348999999999e+00
   4.1920682999999997e-01   1.2745432000000001e+00
   4.0000001000000002e-01   1.2692821999999999e+00
   4.0075811000000000e-01   1.2695080999999999e+00
   4.0439331000000001e-01   1.2706067000000001e+00
   4.0075811000000000e-01   1.2695080999999999e+00
   4.0625000000000000e-01   1.2711532000000001e+00
   4.0439331000000001e-01   1.2706067000000001e+00
   4.2938043999999997e-01   1.2768695999999999e+00
   4.2615802000000003e-01   1.2761579999999999e+00
   4.3125001000000002e-01   1.2772726000000001e+00
   4.2938043999999997e-01   1.2768695999999999e+00
   4.2500000999999998e-01   1.2759062000000001e+00
   4.2615802000000003e-01   1.2761579999999999e+00
   4.4999999000000002e-01   1.2805797000000001e+00
   4.4920373000000002e-01   1.2804537000000000e+00
   4.4517464000000001e-01   1.2798254000000000e+00
   4.4920373000000002e-01   1.2804537000000000e+00
   4.4374998999999998e-01   1.2795989000000001e+00
   4.4517464000000001e-01   1.2798254000000000e+00
   6.9375001999999997e-01   1.2255951000000000e+00
   6.9411157999999995e-01   1.2253616000000001e+00
   6.9467396999999997e-01   1.2250000000000001e+00
   6.9411157999999995e-01   1.2253616000000001e+00
   6.0000001999999997e-01   1.2692836999999999e+00
   6.0040698999999997e-01   1.2691570000000001e+00
   6.0171443000000002e-01   1.2687500000000000e+00
   6.0040698999999997e-01   1.2691570000000001e+00
   3.4375000000000000e-01   9.2084032000000005e-01
   3.4566591000000002e-01   9.2066590999999998e-01
   3.4832376999999998e-01   9.2042621999999996e-01
   3.4566591000000002e-01   9.2066590999999998e-01
   3.4999998999999998e-01   9.2027386000000000e-01
   3.4832376999999998e-01   9.2042621999999996e-01
   3.2499999000000002e-01   9.2281994000000001e-01
   3.2745843000000002e-01   9.2254157000000003e-01
   3.3125000999999998e-01   9.2211259000000001e-01
   3.2865666999999998e-01   9.2240666999999998e-01
   3.2745843000000002e-01   9.2254157000000003e-01
   3.2865666999999998e-01   9.2240666999999998e-01
   3.0593661000000000e-01   9.2531341000000000e-01
   3.0104362000000001e-01   9.2604361999999996e-01
   3.0625001000000002e-01   9.2526633999999996e-01
   3.0593661000000000e-01   9.2531341000000000e-01
   3.0000000999999998e-01   9.2620071000000004e-01
   3.0104362000000001e-01   9.2604361999999996e-01
   3.6875001000000002e-01   9.1878663000000005e-01
   3.6878432000000000e-01   9.1878430000000000e-01
   3.6929510999999998e-01   9.1874999000000002e-01
   3.6878432000000000e-01   9.1878430000000000e-01
   3.4999998999999998e-01   9.2027386000000000e-01
   3.5140348999999999e-01   9.2015349999999996e-01
   3.5516976000000000e-01   9.1983022000000003e-01
   3.5140348999999999e-01   9.2015349999999996e-01
   3.5624999000000002e-01   9.1973757000000000e-01
   3.5516976000000000e-01   9.1983022000000003e-01
   2.2499999000000001e-01   9.4528882000000003e-01
   2.2610252000000000e-01   9.4485253999999996e-01
   2.2895894000000000e-01   9.4375001999999997e-01
   2.2610252000000000e-01   9.4485253999999996e-01
   2.1875000000000000e-01   9.4793620999999995e-01
   2.2168124000000000e-01   9.4668125000000003e-01
   2.2234414999999999e-01   9.4640584999999999e-01
   2.2168124000000000e-01   9.4668125000000003e-01
   2.2499999000000001e-01   9.4528882000000003e-01
   2.2234414999999999e-01   9.4640584999999999e-01
   2.8125000000000000e-01   9.2946088000000004e-01
   2.7975801000000000e-01   9.2975799999999997e-01
   2.7566703999999997e-01   9.3058295000000002e-01
   2.7975801000000000e-01   9.2975799999999997e-01
   2.7500001000000002e-01   9.3071634000000003e-01
   2.7566703999999997e-01   9.3058295000000002e-01
   3.0000000999999998e-01   9.2620071000000004e-01
   2.9856683000000001e-01   9.2643317999999997e-01
   2.9374999000000002e-01   9.2721355999999999e-01
   2.9565434000000002e-01   9.2690433999999999e-01
   2.9856683000000001e-01   9.2643317999999997e-01
   2.9565434000000002e-01   9.2690433999999999e-01
   2.7500001000000002e-01   9.3071634000000003e-01
   2.7456063000000003e-01   9.3081060000000004e-01
   2.7252272999999999e-01   9.3124998000000003e-01
   2.7456063000000003e-01   9.3081060000000004e-01
   7.2745360000000003e-01   9.3124998000000003e-01
   7.2543531999999999e-01   9.3081468000000001e-01
   7.2500001999999997e-01   9.3072127000000004e-01
   7.2543531999999999e-01   9.3081468000000001e-01
   7.0434173000000000e-01   9.2690826999999998e-01
   7.0143836000000004e-01   9.2643836999999996e-01
   7.0625000999999998e-01   9.2721823999999997e-01
   7.0434173000000000e-01   9.2690826999999998e-01
   6.9999999000000002e-01   9.2620495999999997e-01
   7.0143836000000004e-01   9.2643836999999996e-01
   7.2500001999999997e-01   9.3072127000000004e-01
   7.2433915999999998e-01   9.3058912999999999e-01
   7.2023782000000003e-01   9.2976217000000005e-01
   7.2433915999999998e-01   9.3058912999999999e-01
   7.1875000000000000e-01   9.2946593000000000e-01
   7.2023782000000003e-01   9.2976217000000005e-01
   7.7499998000000003e-01   9.4529512000000004e-01
   7.7766873999999997e-01   9.4641876000000003e-01
   7.7831256999999998e-01   9.4668743000000000e-01
   7.7766873999999997e-01   9.4641876000000003e-01
   7.8125000000000000e-01   9.4794027000000003e-01
   7.7831256999999998e-01   9.4668743000000000e-01
   7.7102493999999999e-01   9.4375001999999997e-01
   7.7389297000000001e-01   9.4485702999999999e-01
   7.7499998000000003e-01   9.4529512000000004e-01
   7.7389297000000001e-01   9.4485702999999999e-01
   6.4375000999999998e-01   9.1974124999999995e-01
   6.4483422000000001e-01   9.1983420999999999e-01
   6.4859334999999996e-01   9.2015663000000003e-01
   6.4483422000000001e-01   9.1983420999999999e-01
   6.4999998000000003e-01   9.2027722000000001e-01
   6.4859334999999996e-01   9.2015663000000003e-01
   6.3066476999999999e-01   9.1874999000000002e-01
   6.3121316999999999e-01   9.1878683999999999e-01
   6.3125001999999997e-01   9.1878934000000001e-01
   6.3121316999999999e-01   9.1878683999999999e-01
   6.9999999000000002e-01   9.2620495999999997e-01
   6.9895269000000004e-01   9.2604730999999996e-01
   6.9375001999999997e-01   9.2527060999999999e-01
   6.9406844000000001e-01   9.2531843000000003e-01
   6.9895269000000004e-01   9.2604730999999996e-01
   6.9406844000000001e-01   9.2531843000000003e-01
   6.7134006000000002e-01   9.2240993999999998e-01
   6.7254568000000003e-01   9.2254568000000003e-01
   6.6874999000000002e-01   9.2211619000000000e-01
   6.7134006000000002e-01   9.2240993999999998e-01
   6.7500000999999998e-01   9.2282363000000001e-01
   6.7254568000000003e-01   9.2254568000000003e-01
   6.4999998000000003e-01   9.2027722000000001e-01
   6.5167987000000005e-01   9.2042988000000003e-01
   6.5433107000000001e-01   9.2066892000000000e-01
   6.5167987000000005e-01   9.2042988000000003e-01
   6.5625000000000000e-01   9.2084357999999999e-01
   6.5433107000000001e-01   9.2066892000000000e-01
   1.7093259000000000e-01   1.0812500000000000e+00
   1.7025218000000000e-01   1.0797478000000000e+00
   1.6875000000000001e-01   1.0762232000000000e+00
   1.7025218000000000e-01   1.0797478000000000e+00
   2.0000000000000001e-01   1.1280867000000001e+00
   1.9867441999999999e-01   1.1263255999999999e+00
   1.9768322999999999e-01   1.1250000000000000e+00
   1.9867441999999999e-01   1.1263255999999999e+00
   2.0241124999999999e-01   1.1312500000000001e+00
   2.0136324000000000e-01   1.1298868000000000e+00
   2.0000000000000001e-01   1.1280867000000001e+00
   2.0136324000000000e-01   1.1298868000000000e+00
   2.7063772000000003e-01   1.2000000000000000e+00
   2.6958583000000003e-01   1.1991642000000000e+00
   2.6875000999999998e-01   1.1984874999999999e+00
   2.6958583000000003e-01   1.1991642000000000e+00
   7.3124999000000002e-01   1.1984915000000000e+00
   7.3041637000000004e-01   1.1991664000000000e+00
   7.2936723999999997e-01   1.2000000000000000e+00
   7.3041637000000004e-01   1.1991664000000000e+00
   8.0000000999999998e-01   1.1280926000000000e+00
   7.9863930000000005e-01   1.1298893000000001e+00
   7.9759325999999997e-01   1.1312500000000001e+00
   7.9863930000000005e-01   1.1298893000000001e+00
   8.0232117000000003e-01   1.1250000000000000e+00
   8.0132811000000004e-01   1.1263281000000001e+00
   8.0000000999999998e-01   1.1280926000000000e+00
   8.0132811000000004e-01   1.1263281000000001e+00
   3.9829013000000002e-01   1.2687500000000000e+00
   3.9959413999999999e-01   1.2691558999999999e+00
   4.0000001000000002e-01   1.2692821999999999e+00
   3.9959413999999999e-01   1.2691558999999999e+00
   3.0533123000000001e-01   1.2250000000000001e+00
   3.0589047000000003e-01   1.2253594999999999e+00
   3.0625001000000002e-01   1.2255917000000001e+00
   3.0589047000000003e-01   1.2253594999999999e+00
   5.5624998000000003e-01   1.2795998000000000e+00
   5.5482609999999999e-01   1.2798261000000000e+00
   5.5079528000000000e-01   1.2804546999999999e+00
   5.5482609999999999e-01   1.2798261000000000e+00
   5.5000000999999998e-01   1.2805804999999999e+00
   5.5079528000000000e-01   1.2804546999999999e+00
   5.7499999000000002e-01   1.2759073999999999e+00
   5.7384053999999995e-01   1.2761594999999999e+00
   5.6875001999999997e-01   1.2772737000000001e+00
   5.7062049000000004e-01   1.2768705000000000e+00
   5.7384053999999995e-01   1.2761594999999999e+00
   5.7062049000000004e-01   1.2768705000000000e+00
   5.9375000000000000e-01   1.2711549000000000e+00
   5.9560800999999997e-01   1.2706080000000000e+00
   5.9923979999999999e-01   1.2695102000000000e+00
   5.9560800999999997e-01   1.2706080000000000e+00
   6.0000001999999997e-01   1.2692836999999999e+00
   5.9923979999999999e-01   1.2695102000000000e+00
   5.8125000999999998e-01   1.2744363000000001e+00
   5.8079429000000005e-01   1.2745443000000001e+00
   5.7884864999999996e-01   1.2749999999999999e+00
   5.8079429000000005e-01   1.2745443000000001e+00
   5.5000000999999998e-01   1.2805804999999999e+00
   5.4941192000000005e-01   1.2806618999999999e+00
   5.4512384000000003e-01   1.2812500000000000e+00
   5.4941192000000005e-01   1.2806618999999999e+00
   7.2936723999999997e-01   1.2000000000000000e+00
   7.2693739999999996e-01   1.2019374000000000e+00
   7.2500001999999997e-01   1.2034613999999999e+00
   7.2693739999999996e-01   1.2019374000000000e+00
   1.8750000000000000e-01   1.1104342000000000e+00
   1.8831839000000000e-01   1.1116816000000000e+00
   1.8886433000000000e-01   1.1125000000000000e+00
   1.8831839000000000e-01   1.1116816000000000e+00
   8.1113955000000004e-01   1.1125000000000000e+00
   8.1168393999999999e-01   1.1116839000000001e+00
   8.1250000000000000e-01   1.1104400000000001e+00
   8.1168393999999999e-01   1.1116839000000001e+00
   8.4038944999999998e-01   1.0091395000000001e+00
   8.4048140999999998e-01   1.0095186000000000e+00
   8.3969828999999996e-01   1.0062500000000001e+00
   8.4038944999999998e-01   1.0091395000000001e+00
   8.4118831999999999e-01   1.0125000000000000e+00
   8.4048140999999998e-01   1.0095186000000000e+00
   8.3752287999999997e-01   1.0000000000000000e+00
   8.3753464000000000e-01   1.0000347000000001e+00
   8.3969828999999996e-01   1.0062500000000001e+00
   8.3916544999999998e-01   1.0045845000000000e+00
   8.3753464000000000e-01   1.0000347000000001e+00
   8.3916544999999998e-01   1.0045845000000000e+00
   8.4130905000000000e-01   1.0437500000000000e+00
   8.4073167000000004e-01   1.0467683000000001e+00
   8.4069788000000001e-01   1.0469478999999999e+00
   8.4073167000000004e-01   1.0467683000000001e+00
   8.4010952999999999e-01   1.0500000000000000e+00
   8.4069788000000001e-01   1.0469478999999999e+00
   8.4210394000000000e-01   1.0375000000000001e+00
   8.4186117000000005e-01   1.0393888000000000e+00
   8.4159013000000005e-01   1.0415901000000001e+00
   8.4186117000000005e-01   1.0393888000000000e+00
   8.4130905000000000e-01   1.0437500000000000e+00
   8.4159013000000005e-01   1.0415901000000001e+00
   1.6247191999999999e-01   1.0000000000000000e+00
   1.6247987000000000e-01   9.9997988000000004e-01
   1.6249999000000001e-01   9.9993010999999998e-01
   1.6247987000000000e-01   9.9997988000000004e-01
   1.9569344999999999e-01   9.6055652999999996e-01
   1.9711043000000000e-01   9.5961041999999996e-01
   1.9374999000000001e-01   9.6184521000000001e-01
   1.9569344999999999e-01   9.6055652999999996e-01
   2.0000000000000001e-01   9.5774616000000001e-01
   1.9711043000000000e-01   9.5961041999999996e-01
   1.9374999000000001e-01   9.6184521000000001e-01
   1.9336570000000000e-01   9.6211568999999997e-01
   1.9283961999999999e-01   9.6249998000000003e-01
   1.9336570000000000e-01   9.6211568999999997e-01
   2.1250000999999999e-01   9.5084566000000004e-01
   2.1075178999999999e-01   9.5174820999999998e-01
   2.0624999999999999e-01   9.5410119999999998e-01
   2.0892704000000001e-01   9.5267703999999997e-01
   2.1075178999999999e-01   9.5174820999999998e-01
   2.0892704000000001e-01   9.5267703999999997e-01
   2.0000000000000001e-01   9.5774616000000001e-01
   2.0093950999999999e-01   9.5718950999999997e-01
   2.0253386000000001e-01   9.5625000999999998e-01
   2.0093950999999999e-01   9.5718950999999997e-01
   7.9744362000000002e-01   9.5625000999999998e-01
   7.9905758000000005e-01   9.5719242999999998e-01
   8.0000000999999998e-01   9.5775937000000000e-01
   7.9905758000000005e-01   9.5719242999999998e-01
   7.9106606999999995e-01   9.5268392999999996e-01
   7.8926728999999995e-01   9.5176727000000005e-01
   7.9374999000000002e-01   9.5411279999999998e-01
   7.9106606999999995e-01   9.5268392999999996e-01
   7.8750001999999997e-01   9.5085397000000005e-01
   7.8926728999999995e-01   9.5176727000000005e-01
   8.0715815999999996e-01   9.6249998000000003e-01
   8.0663384999999999e-01   9.6211610999999997e-01
   8.0624998000000003e-01   9.6184597000000005e-01
   8.0663384999999999e-01   9.6211610999999997e-01
   8.0000000999999998e-01   9.5775937000000000e-01
   8.0288064999999997e-01   9.5961934000000004e-01
   8.0624998000000003e-01   9.6184597000000005e-01
   8.0433027000000001e-01   9.6058027000000001e-01
   8.0288064999999997e-01   9.5961934000000004e-01
   8.0433027000000001e-01   9.6058027000000001e-01
   8.3749998000000003e-01   9.9994296000000005e-01
   8.3751639000000000e-01   9.9998359000000003e-01
   8.3752287999999997e-01   1.0000000000000000e+00
   8.3751639000000000e-01   9.9998359000000003e-01
   1.5869114000000001e-01   1.0437500000000000e+00
   1.5840988000000000e-01   1.0415901000000001e+00
   1.5813854999999999e-01   1.0393886000000001e+00
   1.5840988000000000e-01   1.0415901000000001e+00
   1.5789564000000000e-01   1.0375000000000001e+00
   1.5813854999999999e-01   1.0393886000000001e+00
   1.5989122000000000e-01   1.0500000000000000e+00
   1.5930250000000001e-01   1.0469474999999999e+00
   1.5926888000000000e-01   1.0467689000000000e+00
   1.5930250000000001e-01   1.0469474999999999e+00
   1.5869114000000001e-01   1.0437500000000000e+00
   1.5926888000000000e-01   1.0467689000000000e+00
   1.6083164999999999e-01   1.0045816999999999e+00
   1.6245751999999999e-01   1.0000424999999999e+00
   1.6029826000000000e-01   1.0062500000000001e+00
   1.6083164999999999e-01   1.0045816999999999e+00
   1.6247191999999999e-01   1.0000000000000000e+00
   1.6245751999999999e-01   1.0000424999999999e+00
   1.5880875999999999e-01   1.0125000000000000e+00
   1.5951602000000001e-01   1.0095160000000001e+00
   1.6029826000000000e-01   1.0062500000000001e+00
   1.5960631000000000e-01   1.0091437000000001e+00
   1.5951602000000001e-01   1.0095160000000001e+00
   1.5960631000000000e-01   1.0091437000000001e+00
   8.3749998000000003e-01   1.0595223000000000e+00
   8.3827083000000002e-01   1.0570208000000001e+00
   8.3850221999999996e-01   1.0562499999999999e+00
   8.3827083000000002e-01   1.0570208000000001e+00
   8.4010952999999999e-01   1.0500000000000000e+00
   8.3958829000000001e-01   1.0520883000000001e+00
   8.3850221999999996e-01   1.0562499999999999e+00
   8.3884579000000004e-01   1.0549042000000000e+00
   8.3958829000000001e-01   1.0520883000000001e+00
   8.3884579000000004e-01   1.0549042000000000e+00
   6.6250001999999997e-01   1.2437011000000000e+00
   6.6246780999999999e-01   1.2437178000000000e+00
   6.6240498000000003e-01   1.2437499999999999e+00
   6.6246780999999999e-01   1.2437178000000000e+00
   6.5625000000000000e-01   1.2469115000000000e+00
   6.5834848000000001e-01   1.2458484999999999e+00
   6.6240498000000003e-01   1.2437499999999999e+00
   6.5834848000000001e-01   1.2458484999999999e+00
   6.4375000999999998e-01   1.2528319000000001e+00
   6.4138488000000005e-01   1.2538849000000001e+00
   6.3869732999999995e-01   1.2550527000000000e+00
   6.4138488000000005e-01   1.2538849000000001e+00
   6.3749999000000002e-01   1.2555779000000000e+00
   6.3869732999999995e-01   1.2550527000000000e+00
   2.4202514999999999e-01   9.3922486000000005e-01
   2.3990326000000001e-01   9.3990326000000002e-01
   2.4375000999999999e-01   9.3866753999999997e-01
   2.4202514999999999e-01   9.3922486000000005e-01
   2.3749999999999999e-01   9.4068761999999995e-01
   2.3990326000000001e-01   9.3990326000000002e-01
   2.4375000999999999e-01   9.3866753999999997e-01
   2.4464709000000001e-01   9.3839707999999999e-01
   2.4766556000000001e-01   9.3750000000000000e-01
   2.4464709000000001e-01   9.3839707999999999e-01
   7.5231424000000002e-01   9.3750000000000000e-01
   7.5534822000000001e-01   9.3840179999999995e-01
   7.5625001999999997e-01   9.3867374000000003e-01
   7.5534822000000001e-01   9.3840179999999995e-01
   7.6249999000000002e-01   9.4069400000000003e-01
   7.6009196000000001e-01   9.3990804999999999e-01
   7.5625001999999997e-01   9.3867374000000003e-01
   7.5798407000000001e-01   9.3923407000000003e-01
   7.6009196000000001e-01   9.3990804999999999e-01
   7.5798407000000001e-01   9.3923407000000003e-01
   1.6115589000000000e-01   1.0549059000000001e+00
   1.6041246000000001e-01   1.0520875000000001e+00
   1.6149915000000001e-01   1.0562499999999999e+00
   1.6115589000000000e-01   1.0549059000000001e+00
   1.5989122000000000e-01   1.0500000000000000e+00
   1.6041246000000001e-01   1.0520875000000001e+00
   1.6149915000000001e-01   1.0562499999999999e+00
   1.6173024999999999e-01   1.0570196999999999e+00
   1.6249999000000001e-01   1.0595174999999999e+00
   1.6173024999999999e-01   1.0570196999999999e+00
   2.1250000999999999e-01   1.1436386999999999e+00
   2.0970026000000000e-01   1.1402996999999999e+00
   2.0739283000000000e-01   1.1375000000000000e+00
   2.0970026000000000e-01   1.1402996999999999e+00
   2.5576143000000001e-01   1.1875000000000000e+00
   2.5602180000000002e-01   1.1877282000000000e+00
   2.5624998999999998e-01   1.1879289000000000e+00
   2.5602180000000002e-01   1.1877282000000000e+00
   2.6249999000000002e-01   1.1933102000000000e+00
   2.5957397999999998e-01   1.1908240000000001e+00
   2.5935859000000000e-01   1.1906414000000001e+00
   2.5957397999999998e-01   1.1908240000000001e+00
   2.5624998999999998e-01   1.1879289000000000e+00
   2.5935859000000000e-01   1.1906414000000001e+00
   7.4374998000000003e-01   1.1879332000000000e+00
   7.4064366999999998e-01   1.1906437000000001e+00
   7.4039849000000002e-01   1.1908515000000000e+00
   7.4064366999999998e-01   1.1906437000000001e+00
   7.3750000999999998e-01   1.1933142999999999e+00
   7.4039849000000002e-01   1.1908515000000000e+00
   7.4374998000000003e-01   1.1879332000000000e+00
   7.4398041999999998e-01   1.1877304000000000e+00
   7.4424334999999997e-01   1.1875000000000000e+00
   7.4398041999999998e-01   1.1877304000000000e+00
   7.9261176000000000e-01   1.1375000000000000e+00
   7.9030228999999996e-01   1.1403023000000001e+00
   7.8750001999999997e-01   1.1436442000000000e+00
   7.9030228999999996e-01   1.1403023000000001e+00
   3.6250000999999998e-01   1.2555757999999999e+00
   3.6129885000000000e-01   1.2550488000000000e+00
   3.5861668000000002e-01   1.2538833000000000e+00
   3.6129885000000000e-01   1.2550488000000000e+00
   3.5624999000000002e-01   1.2528296000000001e+00
   3.5861668000000002e-01   1.2538833000000000e+00
   3.3760013000000000e-01   1.2437499999999999e+00
   3.4165325000000002e-01   1.2458468000000000e+00
   3.4375000000000000e-01   1.2469089000000000e+00
   3.4165325000000002e-01   1.2458468000000000e+00
   3.3760013000000000e-01   1.2437499999999999e+00
   3.3753395000000003e-01   1.2437161000000001e+00
   3.3750001000000002e-01   1.2436985000000000e+00
   3.3753395000000003e-01   1.2437161000000001e+00
   8.2499999000000002e-01   1.0892504000000001e+00
   8.2346735999999998e-01   1.0922174000000000e+00
   8.2264866000000003e-01   1.0937500000000000e+00
   8.2346735999999998e-01   1.0922174000000000e+00
   2.9094910000000002e-01   1.2153008999999999e+00
   2.8861320000000001e-01   1.2136131999999999e+00
   2.9374999000000002e-01   1.2172703000000000e+00
   2.9094910000000002e-01   1.2153008999999999e+00
   2.8749998999999998e-01   1.2128125000000001e+00
   2.8861320000000001e-01   1.2136131999999999e+00
   2.9591381999999999e-01   1.2187500000000000e+00
   2.9462496999999999e-01   1.2178750000000000e+00
   2.9374999000000002e-01   1.2172703000000000e+00
   2.9462496999999999e-01   1.2178750000000000e+00
   2.8749998999999998e-01   1.2128125000000001e+00
   2.8731913999999997e-01   1.2126808000000000e+00
   2.8706936999999999e-01   1.2124999999999999e+00
   2.8731913999999997e-01   1.2126808000000000e+00
   2.8706936999999999e-01   1.2124999999999999e+00
   2.8369569000000000e-01   1.2100542999999999e+00
   2.8125000000000000e-01   1.2082214000000000e+00
   2.8369569000000000e-01   1.2100542999999999e+00
   2.7864782999999999e-01   1.2062500000000000e+00
   2.8012798999999999e-01   1.2073719999999999e+00
   2.8125000000000000e-01   1.2082214000000000e+00
   2.8012798999999999e-01   1.2073719999999999e+00
   4.8124999000000002e-01   1.2837764000000000e+00
   4.8389891000000002e-01   1.2838989000000001e+00
   4.8480891999999998e-01   1.2839411000000001e+00
   4.8389891000000002e-01   1.2838989000000001e+00
   4.8750000999999998e-01   1.2840655000000001e+00
   4.8480891999999998e-01   1.2839411000000001e+00
   4.7499998999999998e-01   1.2833720000000000e+00
   4.7726851999999997e-01   1.2835185000000000e+00
   4.7887668000000000e-01   1.2836232999999999e+00
   4.7726851999999997e-01   1.2835185000000000e+00
   4.8124999000000002e-01   1.2837764000000000e+00
   4.7887668000000000e-01   1.2836232999999999e+00
   4.9375001000000002e-01   1.2842381000000000e+00
   4.9676439000000000e-01   1.2842644000000001e+00
   4.9698355000000000e-01   1.2842665000000000e+00
   4.9676439000000000e-01   1.2842644000000001e+00
   5.0000000000000000e-01   1.2842928000000000e+00
   4.9698355000000000e-01   1.2842665000000000e+00
   4.8750000999999998e-01   1.2840655000000001e+00
   4.9039543000000002e-01   1.2841454000000001e+00
   4.9084216000000003e-01   1.2841578000000000e+00
   4.9039543000000002e-01   1.2841454000000001e+00
   4.9375001000000002e-01   1.2842381000000000e+00
   4.9084216000000003e-01   1.2841578000000000e+00
   3.1250000000000000e-01   9.2438913000000000e-01
   3.1320207000000000e-01   9.2429793000000005e-01
   3.1874998999999998e-01   9.2357993000000005e-01
   3.1749339999999998e-01   9.2374341000000004e-01
   3.1320207000000000e-01   9.2429793000000005e-01
   3.1749339999999998e-01   9.2374341000000004e-01
   3.0814382000000001e-01   9.2500000999999998e-01
   3.1196332999999998e-01   9.2446333999999997e-01
   3.1250000000000000e-01   9.2438913000000000e-01
   3.1196332999999998e-01   9.2446333999999997e-01
   3.9375000999999998e-01   9.1726883999999997e-01
   3.9234370000000002e-01   9.1734369000000004e-01
   3.8870768000000000e-01   9.1754230999999997e-01
   3.9234370000000002e-01   9.1734369000000004e-01
   3.8749999000000002e-01   9.1760675999999997e-01
   3.8870768000000000e-01   9.1754230999999997e-01
   4.0000001000000002e-01   9.1695828999999995e-01
   3.9829397000000000e-01   9.1704395999999999e-01
   3.9530931000000002e-01   9.1719070000000003e-01
   3.9829397000000000e-01   9.1704395999999999e-01
   3.9375000999999998e-01   9.1726883999999997e-01
   3.9530931000000002e-01   9.1719070000000003e-01
   3.8124998999999998e-01   9.1796944999999996e-01
   3.8051513999999997e-01   9.1801513999999995e-01
   3.7540921999999999e-01   9.1834077000000003e-01
   3.8051513999999997e-01   9.1801513999999995e-01
   3.7500000000000000e-01   9.1836629000000003e-01
   3.7540921999999999e-01   9.1834077000000003e-01
   3.8749999000000002e-01   9.1760675999999997e-01
   3.8642036000000002e-01   9.1767036000000002e-01
   3.8207927000000003e-01   9.1792070999999997e-01
   3.8642036000000002e-01   9.1767036000000002e-01
   3.8124998999999998e-01   9.1796944999999996e-01
   3.8207927000000003e-01   9.1792070999999997e-01
   5.1642083000000005e-01   9.1482918000000002e-01
   5.1481699999999997e-01   9.1481701999999998e-01
   5.1875000999999998e-01   9.1484522000000001e-01
   5.1642083000000005e-01   9.1482918000000002e-01
   5.1249999000000002e-01   9.1480103999999995e-01
   5.1481699999999997e-01   9.1481701999999998e-01
   5.2499998000000003e-01   9.1489571999999997e-01
   5.2262390000000003e-01   9.1487609999999997e-01
   5.1875000999999998e-01   9.1484522000000001e-01
   5.2111472000000003e-01   9.1486473000000001e-01
   5.2262390000000003e-01   9.1487609999999997e-01
   5.2111472000000003e-01   9.1486473000000001e-01
   5.0397179000000003e-01   9.1477823000000003e-01
   5.0227381999999998e-01   9.1477381999999996e-01
   5.0625001999999997e-01   9.1478254999999997e-01
   5.0397179000000003e-01   9.1477823000000003e-01
   5.0000000000000000e-01   9.1476950999999995e-01
   5.0227381999999998e-01   9.1477381999999996e-01
   5.1249999000000002e-01   9.1480103999999995e-01
   5.1020619000000000e-01   9.1479381999999998e-01
   5.0625001999999997e-01   9.1478254999999997e-01
   5.0853974999999996e-01   9.1478974999999996e-01
   5.1020619000000000e-01   9.1479381999999998e-01
   5.0853974999999996e-01   9.1478974999999996e-01
   5.9375000000000000e-01   9.1667527000000004e-01
   5.9158345000000001e-01   9.1658344999999997e-01
   5.8974272000000005e-01   9.1650726999999999e-01
   5.9158345000000001e-01   9.1658344999999997e-01
   5.8749998000000003e-01   9.1641203000000004e-01
   5.8974272000000005e-01   9.1650726999999999e-01
   6.0000001999999997e-01   9.1696032999999999e-01
   5.9812557000000000e-01   9.1687556000000003e-01
   5.9573516000000004e-01   9.1676484000000003e-01
   5.9812557000000000e-01   9.1687556000000003e-01
   5.9375000000000000e-01   9.1667527000000004e-01
   5.9573516000000004e-01   9.1676484000000003e-01
   5.8125000999999998e-01   9.1617528000000004e-01
   5.7858083999999999e-01   9.1608084000000001e-01
   5.7769943999999995e-01   9.1605055999999996e-01
   5.7858083999999999e-01   9.1608084000000001e-01
   5.7499999000000002e-01   9.1595484999999999e-01
   5.7769943999999995e-01   9.1605055999999996e-01
   5.8749998000000003e-01   9.1641203000000004e-01
   5.8507050999999999e-01   9.1632051999999997e-01
   5.8373147999999997e-01   9.1626852000000003e-01
   5.8507050999999999e-01   9.1632051999999997e-01
   5.8125000999999998e-01   9.1617528000000004e-01
   5.8373147999999997e-01   9.1626852000000003e-01
   4.1874999000000002e-01   9.1617353999999995e-01
   4.1626684000000003e-01   9.1626684999999997e-01
   4.1493128000000001e-01   9.1631872000000003e-01
   4.1626684000000003e-01   9.1626684999999997e-01
   4.1249998999999998e-01   9.1641030000000001e-01
   4.1493128000000001e-01   9.1631872000000003e-01
   4.2500000999999998e-01   9.1595338999999998e-01
   4.2229903000000002e-01   9.1604903000000004e-01
   4.2142083000000002e-01   9.1607917000000005e-01
   4.2229903000000002e-01   9.1604903000000004e-01
   4.1874999000000002e-01   9.1617353999999995e-01
   4.2142083000000002e-01   9.1607917000000005e-01
   4.0625000000000000e-01   9.1667328000000003e-01
   4.0426293000000002e-01   9.1676292999999998e-01
   4.0187656999999999e-01   9.1687342999999999e-01
   4.0426293000000002e-01   9.1676292999999998e-01
   4.0000001000000002e-01   9.1695828999999995e-01
   4.0187656999999999e-01   9.1687342999999999e-01
   4.1249998999999998e-01   9.1641030000000001e-01
   4.1025550999999999e-01   9.1650551999999996e-01
   4.0841852000000001e-01   9.1658147000000001e-01
   4.1025550999999999e-01   9.1650551999999996e-01
   4.0625000000000000e-01   9.1667328000000003e-01
   4.0841852000000001e-01   9.1658147000000001e-01
   4.9146044999999999e-01   9.1478957000000005e-01
   4.8979360000000000e-01   9.1479359999999998e-01
   4.9375001000000002e-01   9.1478243000000004e-01
   4.9146044999999999e-01   9.1478957000000005e-01
   4.8750000999999998e-01   9.1480077000000004e-01
   4.8979360000000000e-01   9.1479359999999998e-01
   5.0000000000000000e-01   9.1476950999999995e-01
   4.9772622999999999e-01   9.1477377999999998e-01
   4.9375001000000002e-01   9.1478243000000004e-01
   4.9602816000000000e-01   9.1477816000000001e-01
   4.9772622999999999e-01   9.1477377999999998e-01
   4.9602816000000000e-01   9.1477816000000001e-01
   4.7888570000000003e-01   9.1486429000000002e-01
   4.7737562000000000e-01   9.1487563999999999e-01
   4.8124999000000002e-01   9.1484485000000004e-01
   4.7888570000000003e-01   9.1486429000000002e-01
   4.7499998999999998e-01   9.1489520000000002e-01
   4.7737562000000000e-01   9.1487563999999999e-01
   4.8750000999999998e-01   9.1480077000000004e-01
   4.8518329999999998e-01   9.1481670999999998e-01
   4.8124999000000002e-01   9.1484485000000004e-01
   4.8357884000000001e-01   9.1482885000000003e-01
   4.8518329999999998e-01   9.1481670999999998e-01
   4.8357884000000001e-01   9.1482885000000003e-01
   6.1874998000000003e-01   9.1797187000000002e-01
   6.1792325999999997e-01   9.1792326999999996e-01
   6.1357742000000004e-01   9.1767257999999996e-01
   6.1792325999999997e-01   9.1792326999999996e-01
   6.1250000999999998e-01   9.1760909999999996e-01
   6.1357742000000004e-01   9.1767257999999996e-01
   6.2500000000000000e-01   9.1836888999999999e-01
   6.2459354000000000e-01   9.1834353000000002e-01
   6.1948254000000003e-01   9.1801743999999996e-01
   6.2459354000000000e-01   9.1834353000000002e-01
   6.1874998000000003e-01   9.1797187000000002e-01
   6.1948254000000003e-01   9.1801743999999996e-01
   6.0624999000000002e-01   9.1727102999999999e-01
   6.0469295999999995e-01   9.1719295999999995e-01
   6.0170407000000004e-01   9.1704593999999995e-01
   6.0469295999999995e-01   9.1719295999999995e-01
   6.0000001999999997e-01   9.1696032999999999e-01
   6.0170407000000004e-01   9.1704593999999995e-01
   6.1250000999999998e-01   9.1760909999999996e-01
   6.1129476000000005e-01   9.1754475000000002e-01
   6.0765418999999998e-01   9.1734579999999999e-01
   6.1129476000000005e-01   9.1754475000000002e-01
   6.0624999000000002e-01   9.1727102999999999e-01
   6.0765418999999998e-01   9.1734579999999999e-01
   6.8750000000000000e-01   9.2439309999999997e-01
   6.8803316000000003e-01   9.2446684999999995e-01
   6.9182648999999996e-01   9.2500000999999998e-01
   6.8803316000000003e-01   9.2446684999999995e-01
   6.8250308999999998e-01   9.2374690000000004e-01
   6.8680247999999999e-01   9.2430248999999998e-01
   6.8124998000000003e-01   9.2358384999999998e-01
   6.8250308999999998e-01   9.2374690000000004e-01
   6.8750000000000000e-01   9.2439309999999997e-01
   6.8680247999999999e-01   9.2430248999999998e-01
   1.7735477999999999e-01   1.0937500000000000e+00
   1.7653482000000001e-01   1.0922152000000001e+00
   1.7499999999999999e-01   1.0892440000000001e+00
   1.7653482000000001e-01   1.0922152000000001e+00
   1.9320066000000000e-01   1.1187499999999999e+00
   1.9342881000000001e-01   1.1190712000000000e+00
   1.9374999000000001e-01   1.1195257000000001e+00
   1.9342881000000001e-01   1.1190712000000000e+00
   1.8886433000000000e-01   1.1125000000000000e+00
   1.9084980000000001e-01   1.1154002000000001e+00
   1.9191732000000000e-01   1.1169172999999999e+00
   1.9084980000000001e-01   1.1154002000000001e+00
   1.9320066000000000e-01   1.1187499999999999e+00
   1.9191732000000000e-01   1.1169172999999999e+00
   1.8478285999999999e-01   1.1062500000000000e+00
   1.8344023000000001e-01   1.1040597999999999e+00
   1.8125000999999999e-01   1.1003708999999999e+00
   1.8344023000000001e-01   1.1040597999999999e+00
   1.8478285999999999e-01   1.1062500000000000e+00
   1.8584510000000001e-01   1.1079049000000001e+00
   1.8750000000000000e-01   1.1104342000000000e+00
   1.8584510000000001e-01   1.1079049000000001e+00
   8.1250000000000000e-01   1.1104400000000001e+00
   8.1415716999999999e-01   1.1079072000000001e+00
   8.1522072999999995e-01   1.1062500000000000e+00
   8.1415716999999999e-01   1.1079072000000001e+00
   8.1875001999999997e-01   1.1003772000000001e+00
   8.1656207999999997e-01   1.1040620999999999e+00
   8.1522072999999995e-01   1.1062500000000000e+00
   8.1656207999999997e-01   1.1040620999999999e+00
   8.0680346000000003e-01   1.1187499999999999e+00
   8.0809622999999997e-01   1.1169038000000000e+00
   8.0915250000000005e-01   1.1154025000000001e+00
   8.0809622999999997e-01   1.1169038000000000e+00
   8.1113955000000004e-01   1.1125000000000000e+00
   8.0915250000000005e-01   1.1154025000000001e+00
   8.0624998000000003e-01   1.1195314999999999e+00
   8.0657358999999995e-01   1.1190735999999999e+00
   8.0680346000000003e-01   1.1187499999999999e+00
   8.0657358999999995e-01   1.1190735999999999e+00
   5.0625001999999997e-01   1.2842382000000001e+00
   5.0915798999999995e-01   1.2841579999999999e+00
   5.0960444999999999e-01   1.2841456000000000e+00
   5.0915798999999995e-01   1.2841579999999999e+00
   5.1249999000000002e-01   1.2840655999999999e+00
   5.0960444999999999e-01   1.2841456000000000e+00
   5.0000000000000000e-01   1.2842928000000000e+00
   5.0301653000000002e-01   1.2842665000000000e+00
   5.0323554999999998e-01   1.2842644999999999e+00
   5.0301653000000002e-01   1.2842665000000000e+00
   5.0625001999999997e-01   1.2842382000000001e+00
   5.0323554999999998e-01   1.2842644999999999e+00
   5.1875000999999998e-01   1.2837768000000001e+00
   5.2112367000000004e-01   1.2836236999999999e+00
   5.2273102000000005e-01   1.2835190000000001e+00
   5.2112367000000004e-01   1.2836236999999999e+00
   5.2499998000000003e-01   1.2833725000000000e+00
   5.2273102000000005e-01   1.2835190000000001e+00
   5.1249999000000002e-01   1.2840655999999999e+00
   5.1519128999999997e-01   1.2839413000000000e+00
   5.1610082000000002e-01   1.2838992000000000e+00
   5.1519128999999997e-01   1.2839413000000000e+00
   5.1875000999999998e-01   1.2837768000000001e+00
   5.1610082000000002e-01   1.2838992000000000e+00
   7.1875000000000000e-01   1.2082253000000001e+00
   7.1987420999999996e-01   1.2073742000000001e+00
   7.2135729000000004e-01   1.2062500000000000e+00
   7.1987420999999996e-01   1.2073742000000001e+00
   7.1875000000000000e-01   1.2082253000000001e+00
   7.1630645999999998e-01   1.2100565000000001e+00
   7.1293561999999999e-01   1.2124999999999999e+00
   7.1630645999999998e-01   1.2100565000000001e+00
   7.1293561999999999e-01   1.2124999999999999e+00
   7.1268293000000005e-01   1.2126830000000000e+00
   7.1249998000000003e-01   1.2128161000000000e+00
   7.1268293000000005e-01   1.2126830000000000e+00
   7.0625000999999998e-01   1.2172738000000001e+00
   7.0537707999999999e-01   1.2178770999999999e+00
   7.0409120999999997e-01   1.2187500000000000e+00
   7.0537707999999999e-01   1.2178770999999999e+00
   7.1249998000000003e-01   1.2128161000000000e+00
   7.1137384999999997e-01   1.2136260999999999e+00
   7.0625000999999998e-01   1.2172738000000001e+00
   7.0905297000000000e-01   1.2153030000000000e+00
   7.1137384999999997e-01   1.2136260999999999e+00
   7.0905297000000000e-01   1.2153030000000000e+00
   8.4212883999999999e-01   1.0187500000000000e+00
   8.4223499000000002e-01   1.0202650000000000e+00
   8.4246036000000002e-01   1.0237103999999999e+00
   8.4223499000000002e-01   1.0202650000000000e+00
   8.4254993000000000e-01   1.0249999999999999e+00
   8.4246036000000002e-01   1.0237103999999999e+00
   8.4118831999999999e-01   1.0125000000000000e+00
   8.4152930999999997e-01   1.0147207000000000e+00
   8.4183911000000000e-01   1.0168391000000001e+00
   8.4152930999999997e-01   1.0147207000000000e+00
   8.4212883999999999e-01   1.0187500000000000e+00
   8.4183911000000000e-01   1.0168391000000001e+00
   8.4251730000000002e-01   1.0312500000000000e+00
   8.4243005999999998e-01   1.0325698999999999e+00
   8.4220596999999997e-01   1.0359560000000001e+00
   8.4243005999999998e-01   1.0325698999999999e+00
   8.4210394000000000e-01   1.0375000000000001e+00
   8.4220596999999997e-01   1.0359560000000001e+00
   8.4254993000000000e-01   1.0249999999999999e+00
   8.4254287000000005e-01   1.0262070999999999e+00
   8.4252448000000002e-01   1.0300244999999999e+00
   8.4254287000000005e-01   1.0262070999999999e+00
   8.4251730000000002e-01   1.0312500000000000e+00
   8.4252448000000002e-01   1.0300244999999999e+00
   1.6875000000000001e-01   9.8740556999999995e-01
   1.7119743000000001e-01   9.8369742999999998e-01
   1.7306226000000000e-01   9.8124999000000002e-01
   1.7119743000000001e-01   9.8369742999999998e-01
   1.6875000000000001e-01   9.8740556999999995e-01
   1.6871236000000001e-01   9.8746237000000003e-01
   1.6868883000000001e-01   9.8750000999999998e-01
   1.6871236000000001e-01   9.8746237000000003e-01
   1.6249999000000001e-01   9.9993010999999998e-01
   1.6426449000000001e-01   9.9551449000000003e-01
   1.6517177999999999e-01   9.9374998000000003e-01
   1.6426449000000001e-01   9.9551449000000003e-01
   1.6868883000000001e-01   9.8750000999999998e-01
   1.6860955999999999e-01   9.8764045000000000e-01
   1.6644323999999999e-01   9.9144323000000001e-01
   1.6860955999999999e-01   9.8764045000000000e-01
   1.6517177999999999e-01   9.9374998000000003e-01
   1.6644323999999999e-01   9.9144323000000001e-01
   1.9283961999999999e-01   9.6249998000000003e-01
   1.8977511999999999e-01   9.6477511000000005e-01
   1.8750000000000000e-01   9.6660372999999999e-01
   1.8977511999999999e-01   9.6477511000000005e-01
   1.8750000000000000e-01   9.6660372999999999e-01
   1.8632171000000000e-01   9.6757170999999997e-01
   1.8495966999999999e-01   9.6875000000000000e-01
   1.8632171000000000e-01   9.6757170999999997e-01
   1.8125000999999999e-01   9.7218640000000001e-01
   1.8299550000000001e-01   9.7049549999999996e-01
   1.8495966999999999e-01   9.6875000000000000e-01
   1.8299550000000001e-01   9.7049549999999996e-01
   2.1431226000000000e-01   9.4999999000000002e-01
   2.1307609000000000e-01   9.5057608000000005e-01
   2.1250000999999999e-01   9.5084566000000004e-01
   2.1307609000000000e-01   9.5057608000000005e-01
   7.8750001999999997e-01   9.5085397000000005e-01
   7.8692174999999998e-01   9.5057826000000001e-01
   7.8568773999999997e-01   9.4999999000000002e-01
   7.8692174999999998e-01   9.5057826000000001e-01
   8.1502737000000003e-01   9.6875000000000000e-01
   8.1699917000000000e-01   9.7050084999999997e-01
   8.1875001999999997e-01   9.7219749000000000e-01
   8.1699917000000000e-01   9.7050084999999997e-01
   8.1502737000000003e-01   9.6875000000000000e-01
   8.1367266999999999e-01   9.6757733000000001e-01
   8.1250000000000000e-01   9.6661430000000004e-01
   8.1367266999999999e-01   9.6757733000000001e-01
   8.1250000000000000e-01   9.6661430000000004e-01
   8.1022154000000002e-01   9.6477844000000001e-01
   8.0715815999999996e-01   9.6249998000000003e-01
   8.1022154000000002e-01   9.6477844000000001e-01
   8.3482361000000005e-01   9.9374998000000003e-01
   8.3355420000000002e-01   9.9144578999999999e-01
   8.3137538000000000e-01   9.8762538000000000e-01
   8.3355420000000002e-01   9.9144578999999999e-01
   8.3130455999999997e-01   9.8750000999999998e-01
   8.3137538000000000e-01   9.8762538000000000e-01
   8.3482361000000005e-01   9.9374998000000003e-01
   8.3573238999999999e-01   9.9551758999999995e-01
   8.3749998000000003e-01   9.9994296000000005e-01
   8.3573238999999999e-01   9.9551758999999995e-01
   8.3130455999999997e-01   9.8750000999999998e-01
   8.3128356000000003e-01   9.8746646000000005e-01
   8.3125000999999998e-01   9.8741593000000005e-01
   8.3128356000000003e-01   9.8746646000000005e-01
   8.2693059000000002e-01   9.8124999000000002e-01
   8.2879849999999999e-01   9.8370150000000001e-01
   8.3125000999999998e-01   9.8741593000000005e-01
   8.2879849999999999e-01   9.8370150000000001e-01
   1.5748174000000001e-01   1.0312500000000000e+00
   1.5747446000000001e-01   1.0300255000000000e+00
   1.5745576000000000e-01   1.0262058000000001e+00
   1.5747446000000001e-01   1.0300255000000000e+00
   1.5744859999999999e-01   1.0249999999999999e+00
   1.5745576000000000e-01   1.0262058000000001e+00
   1.5789564000000000e-01   1.0375000000000001e+00
   1.5779349000000001e-01   1.0359564999999999e+00
   1.5756904999999999e-01   1.0325690999999999e+00
   1.5779349000000001e-01   1.0359564999999999e+00
   1.5748174000000001e-01   1.0312500000000000e+00
   1.5756904999999999e-01   1.0325690999999999e+00
   1.5786884000000001e-01   1.0187500000000000e+00
   1.5815793000000000e-01   1.0168421000000001e+00
   1.5846836000000000e-01   1.0147184000000000e+00
   1.5815793000000000e-01   1.0168421000000001e+00
   1.5880875999999999e-01   1.0125000000000000e+00
   1.5846836000000000e-01   1.0147184000000000e+00
   1.5744859999999999e-01   1.0249999999999999e+00
   1.5753789000000001e-01   1.0237121000000000e+00
   1.5776301000000001e-01   1.0202629999999999e+00
   1.5753789000000001e-01   1.0237121000000000e+00
   1.5786884000000001e-01   1.0187500000000000e+00
   1.5776301000000001e-01   1.0202629999999999e+00
   2.2366442000000000e-01   1.1562500000000000e+00
   2.2430690000000000e-01   1.1569430999999999e+00
   2.2499999000000001e-01   1.1576875000000000e+00
   2.2430690000000000e-01   1.1569430999999999e+00
   2.1801770000000001e-01   1.1499999999999999e+00
   2.1836185000000000e-01   1.1503881000000000e+00
   2.1875000000000000e-01   1.1508244000000001e+00
   2.1836185000000000e-01   1.1503881000000000e+00
   2.3749999999999999e-01   1.1705384999999999e+00
   2.3975427999999999e-01   1.1727456999999999e+00
   2.4210401000000001e-01   1.1750000000000000e+00
   2.3975427999999999e-01   1.1727456999999999e+00
   2.2955508999999999e-01   1.1625000000000001e+00
   2.3038721000000001e-01   1.1633628000000000e+00
   2.3125000000000001e-01   1.1642523000000000e+00
   2.3038721000000001e-01   1.1633628000000000e+00
   2.3569699000000000e-01   1.1687500000000000e+00
   2.3347601000000001e-01   1.1665239999999999e+00
   2.3125000000000001e-01   1.1642523000000000e+00
   2.3347601000000001e-01   1.1665239999999999e+00
   2.3569699000000000e-01   1.1687500000000000e+00
   2.3660121000000001e-01   1.1696488000000000e+00
   2.3749999999999999e-01   1.1705384999999999e+00
   2.3660121000000001e-01   1.1696488000000000e+00
   2.2499999000000001e-01   1.1576875000000000e+00
   2.2733144999999999e-01   1.1601684999999999e+00
   2.2955508999999999e-01   1.1625000000000001e+00
   2.2733144999999999e-01   1.1601684999999999e+00
   2.4878951999999999e-01   1.1812499999999999e+00
   2.4942207999999999e-01   1.1818279000000000e+00
   2.5000000000000000e-01   1.1823572000000000e+00
   2.4942207999999999e-01   1.1818279000000000e+00
   2.4210401000000001e-01   1.1750000000000000e+00
   2.4294693000000001e-01   1.1758031000000000e+00
   2.4375000999999999e-01   1.1765661999999999e+00
   2.4294693000000001e-01   1.1758031000000000e+00
   7.5625001999999997e-01   1.1765709000000000e+00
   7.5705551999999998e-01   1.1758055000000001e+00
   7.5790100000000005e-01   1.1750000000000000e+00
   7.5705551999999998e-01   1.1758055000000001e+00
   7.5000000000000000e-01   1.1823617000000000e+00
   7.5058027000000005e-01   1.1818302999999999e+00
   7.5121539999999998e-01   1.1812499999999999e+00
   7.5058027000000005e-01   1.1818302999999999e+00
   7.7044994000000000e-01   1.1625000000000001e+00
   7.7267109000000000e-01   1.1601710999999999e+00
   7.7499998000000003e-01   1.1576926999999999e+00
   7.7267109000000000e-01   1.1601710999999999e+00
   7.6249999000000002e-01   1.1705433999999999e+00
   7.6340123999999998e-01   1.1696511999999999e+00
   7.6430796000000001e-01   1.1687500000000000e+00
   7.6340123999999998e-01   1.1696511999999999e+00
   7.6875000999999998e-01   1.1642574999999999e+00
   7.6652650000000000e-01   1.1665265000000000e+00
   7.6430796000000001e-01   1.1687500000000000e+00
   7.6652650000000000e-01   1.1665265000000000e+00
   7.6875000999999998e-01   1.1642574999999999e+00
   7.6961533999999998e-01   1.1633652999999999e+00
   7.7044994000000000e-01   1.1625000000000001e+00
   7.6961533999999998e-01   1.1633652999999999e+00
   7.5790100000000005e-01   1.1750000000000000e+00
   7.6024818000000005e-01   1.1727482000000000e+00
   7.6249999000000002e-01   1.1705433999999999e+00
   7.6024818000000005e-01   1.1727482000000000e+00
   7.8125000000000000e-01   1.1508297999999999e+00
   7.8164069999999997e-01   1.1503907000000000e+00
   7.8198712000000004e-01   1.1499999999999999e+00
   7.8164069999999997e-01   1.1503907000000000e+00
   7.7499998000000003e-01   1.1576926999999999e+00
   7.7569560999999998e-01   1.1569456000000000e+00
   7.7634046000000001e-01   1.1562500000000000e+00
   7.7569560999999998e-01   1.1569456000000000e+00
   8.3521630999999996e-01   1.0664663000000001e+00
   8.3609478000000004e-01   1.0639052000000000e+00
   8.3440809000000005e-01   1.0687500000000001e+00
   8.3521630999999996e-01   1.0664663000000001e+00
   8.3658414999999997e-01   1.0625000000000000e+00
   8.3609478000000004e-01   1.0639052000000000e+00
   8.3177911000000004e-01   1.0750000000000000e+00
   8.3216354000000003e-01   1.0740864999999999e+00
   8.3349463999999995e-01   1.0709945999999999e+00
   8.3216354000000003e-01   1.0740864999999999e+00
   8.3440809000000005e-01   1.0687500000000001e+00
   8.3349463999999995e-01   1.0709945999999999e+00
   8.3658414999999997e-01   1.0625000000000000e+00
   8.3680336000000000e-01   1.0618034000000001e+00
   8.3749998000000003e-01   1.0595223000000000e+00
   8.3680336000000000e-01   1.0618034000000001e+00
   8.2591095000000003e-01   1.0874999999999999e+00
   8.2559879000000003e-01   1.0880988000000000e+00
   8.2499999000000002e-01   1.0892504000000001e+00
   8.2559879000000003e-01   1.0880988000000000e+00
   8.3125000999999998e-01   1.0762293000000001e+00
   8.3161786000000004e-01   1.0753679000000000e+00
   8.3177911000000004e-01   1.0750000000000000e+00
   8.3161786000000004e-01   1.0753679000000000e+00
   8.2771600999999995e-01   1.0839660000000000e+00
   8.2685330999999995e-01   1.0856467000000001e+00
   8.2907014000000001e-01   1.0812500000000000e+00
   8.2771600999999995e-01   1.0839660000000000e+00
   8.2591095000000003e-01   1.0874999999999999e+00
   8.2685330999999995e-01   1.0856467000000001e+00
   4.5625000999999998e-01   1.2814387000000000e+00
   4.5646479000000001e-01   1.2814648000000000e+00
   4.6164506000000000e-01   1.2821049000000000e+00
   4.5646479000000001e-01   1.2814648000000000e+00
   4.6250001000000002e-01   1.2822081000000001e+00
   4.6164506000000000e-01   1.2821049000000000e+00
   4.5488166000000002e-01   1.2812500000000000e+00
   4.5608401999999998e-01   1.2814160000000001e+00
   4.5625000999999998e-01   1.2814387000000000e+00
   4.5608401999999998e-01   1.2814160000000001e+00
   4.6875000000000000e-01   1.2828499000000000e+00
   4.7049511999999999e-01   1.2829950999999999e+00
   4.7304068999999999e-01   1.2832093000000000e+00
   4.7049511999999999e-01   1.2829950999999999e+00
   4.7499998999999998e-01   1.2833720000000000e+00
   4.7304068999999999e-01   1.2832093000000000e+00
   4.6250001000000002e-01   1.2822081000000001e+00
   4.6356711000000000e-01   1.2823171000000000e+00
   4.6729809000000000e-01   1.2827019000000000e+00
   4.6356711000000000e-01   1.2823171000000000e+00
   4.6875000000000000e-01   1.2828499000000000e+00
   4.6729809000000000e-01   1.2827019000000000e+00
   4.1249998999999998e-01   1.2728663000000000e+00
   4.1420136000000002e-01   1.2732985999999999e+00
   4.1874999000000002e-01   1.2744348999999999e+00
   4.1799428999999999e-01   1.2742443000000001e+00
   4.1420136000000002e-01   1.2732985999999999e+00
   4.1799428999999999e-01   1.2742443000000001e+00
   4.0926709000000000e-01   1.2719829000000000e+00
   4.0956329000000002e-01   1.2720632999999999e+00
   4.0625000000000000e-01   1.2711532000000001e+00
   4.0926709000000000e-01   1.2719829000000000e+00
   4.1249998999999998e-01   1.2728663000000000e+00
   4.0956329000000002e-01   1.2720632999999999e+00
   4.3750000000000000e-01   1.2784997000000000e+00
   4.3457330999999999e-01   1.2779267000000001e+00
   4.3125001000000002e-01   1.2772726000000001e+00
   4.3407864000000002e-01   1.2778286000000001e+00
   4.3457330999999999e-01   1.2779267000000001e+00
   4.3407864000000002e-01   1.2778286000000001e+00
   4.4374998999999998e-01   1.2795989000000001e+00
   4.4174587999999998e-01   1.2792459000000000e+00
   4.3983686000000000e-01   1.2789131000000000e+00
   4.4174587999999998e-01   1.2792459000000000e+00
   4.3750000000000000e-01   1.2784997000000000e+00
   4.3983686000000000e-01   1.2789131000000000e+00
   6.8750000000000000e-01   1.2295590999999999e+00
   6.8644989999999995e-01   1.2301998999999999e+00
   6.8469157000000003e-01   1.2312500000000000e+00
   6.8644989999999995e-01   1.2301998999999999e+00
   6.8124998000000003e-01   1.2333141000000001e+00
   6.8254090999999995e-01   1.2325409000000001e+00
   6.8469157000000003e-01   1.2312500000000000e+00
   6.8254090999999995e-01   1.2325409000000001e+00
   6.7500000999999998e-01   1.2369330000000001e+00
   6.7633721999999996e-01   1.2361628000000000e+00
   6.8124998000000003e-01   1.2333141000000001e+00
   6.7861152000000002e-01   1.2348615000000001e+00
   6.7633721999999996e-01   1.2361628000000000e+00
   6.7861152000000002e-01   1.2348615000000001e+00
   6.9210400999999999e-01   1.2266459999999999e+00
   6.9030232000000002e-01   1.2278023000000000e+00
   6.9375001999999997e-01   1.2255951000000000e+00
   6.9210400999999999e-01   1.2266459999999999e+00
   6.8750000000000000e-01   1.2295590999999999e+00
   6.9030232000000002e-01   1.2278023000000000e+00
   6.7398530000000001e-01   1.2375000000000000e+00
   6.7463759000000001e-01   1.2371376000000001e+00
   6.7500000999999998e-01   1.2369330000000001e+00
   6.7463759000000001e-01   1.2371376000000001e+00
   6.6874999000000002e-01   1.2404132999999999e+00
   6.6657712999999996e-01   1.2415771000000000e+00
   6.6260297999999995e-01   1.2436469999999999e+00
   6.6657712999999996e-01   1.2415771000000000e+00
   6.6250001999999997e-01   1.2437011000000000e+00
   6.6260297999999995e-01   1.2436469999999999e+00
   6.6874999000000002e-01   1.2404132999999999e+00
   6.7062657999999997e-01   1.2393765999999999e+00
   6.7398530000000001e-01   1.2375000000000000e+00
   6.7062657999999997e-01   1.2393765999999999e+00
   6.2011327000000005e-01   1.2625000000000000e+00
   6.2368372999999999e-01   1.2611836999999999e+00
   6.2500000000000000e-01   1.2606875000000000e+00
   6.2368372999999999e-01   1.2611836999999999e+00
   6.1795984000000004e-01   1.2632901000000001e+00
   6.1453559999999996e-01   1.2645356000000001e+00
   6.1874998000000003e-01   1.2630056000000001e+00
   6.1795984000000004e-01   1.2632901000000001e+00
   6.1250000999999998e-01   1.2652607000000000e+00
   6.1453559999999996e-01   1.2645356000000001e+00
   6.1874998000000003e-01   1.2630056000000001e+00
   6.1911870000000002e-01   1.2628687000000001e+00
   6.2011327000000005e-01   1.2625000000000000e+00
   6.1911870000000002e-01   1.2628687000000001e+00
   6.0624999000000002e-01   1.2673433999999999e+00
   6.0518013000000004e-01   1.2676801000000000e+00
   6.0171443000000002e-01   1.2687500000000000e+00
   6.0518013000000004e-01   1.2676801000000000e+00
   6.1250000999999998e-01   1.2652607000000000e+00
   6.0988827000000001e-01   1.2661382999999999e+00
   6.0835773999999998e-01   1.2666423000000000e+00
   6.0988827000000001e-01   1.2661382999999999e+00
   6.0624999000000002e-01   1.2673433999999999e+00
   6.0835773999999998e-01   1.2666423000000000e+00
   6.3749999000000002e-01   1.2555779000000000e+00
   6.3702791000000003e-01   1.2557779000000000e+00
   6.3589574999999998e-01   1.2562500000000001e+00
   6.3702791000000003e-01   1.2557779000000000e+00
   6.3125001999999997e-01   1.2581903000000001e+00
   6.3262205999999999e-01   1.2576220000000000e+00
   6.3589574999999998e-01   1.2562500000000001e+00
   6.3262205999999999e-01   1.2576220000000000e+00
   6.2500000000000000e-01   1.2606875000000000e+00
   6.2800781000000006e-01   1.2594922000000000e+00
   6.3125001999999997e-01   1.2581903000000001e+00
   6.2817597000000003e-01   1.2594259999999999e+00
   6.2800781000000006e-01   1.2594922000000000e+00
   6.2817597000000003e-01   1.2594259999999999e+00
   3.3750001000000002e-01   9.2145675999999999e-01
   3.3996409999999999e-01   9.2121408999999999e-01
   3.4143109999999999e-01   9.2106889999999997e-01
   3.3996409999999999e-01   9.2121408999999999e-01
   3.4375000000000000e-01   9.2084032000000005e-01
   3.4143109999999999e-01   9.2106889999999997e-01
   3.3125000999999998e-01   9.2211259000000001e-01
   3.3429273999999998e-01   9.2179272999999995e-01
   3.3447628000000001e-01   9.2177372999999996e-01
   3.3429273999999998e-01   9.2179272999999995e-01
   3.3750001000000002e-01   9.2145675999999999e-01
   3.3447628000000001e-01   9.2177372999999996e-01
   3.0625001000000002e-01   9.2526633999999996e-01
   3.0648343000000000e-01   9.2523343000000002e-01
   3.0814382000000001e-01   9.2500000999999998e-01
   3.0648343000000000e-01   9.2523343000000002e-01
   3.6250000999999998e-01   9.1925007000000003e-01
   3.6296564999999997e-01   9.1921562999999995e-01
   3.6871043999999997e-01   9.1878956000000001e-01
   3.6296564999999997e-01   9.1921562999999995e-01
   3.6875001000000002e-01   9.1878663000000005e-01
   3.6871043999999997e-01   9.1878956000000001e-01
   3.7500000000000000e-01   9.1836629000000003e-01
   3.7464089000000000e-01   9.1839088000000002e-01
   3.6929510999999998e-01   9.1874999000000002e-01
   3.7464089000000000e-01   9.1839088000000002e-01
   3.5624999000000002e-01   9.1973757000000000e-01
   3.5716571000000003e-01   9.1966570999999997e-01
   3.6195739999999998e-01   9.1929260000000002e-01
   3.5716571000000003e-01   9.1966570999999997e-01
   3.6250000999999998e-01   9.1925007000000003e-01
   3.6195739999999998e-01   9.1929260000000002e-01
   2.3125000000000001e-01   9.4287345000000000e-01
   2.3061261000000000e-01   9.4311263000000001e-01
   2.2895894000000000e-01   9.4375001999999997e-01
   2.3061261000000000e-01   9.4311263000000001e-01
   2.3749999999999999e-01   9.4068761999999995e-01
   2.3522803000000000e-01   9.4147804000000002e-01
   2.3259790999999999e-01   9.4240210999999996e-01
   2.3522803000000000e-01   9.4147804000000002e-01
   2.3125000000000001e-01   9.4287345000000000e-01
   2.3259790999999999e-01   9.4240210999999996e-01
   2.4766556000000001e-01   9.3750000000000000e-01
   2.4946572000000000e-01   9.3696572000000000e-01
   2.5000000000000000e-01   9.3681029999999998e-01
   2.4946572000000000e-01   9.3696572000000000e-01
   2.1875000000000000e-01   9.4793620999999995e-01
   2.1733728999999999e-01   9.4858728000000003e-01
   2.1431226000000000e-01   9.4999999000000002e-01
   2.1733728999999999e-01   9.4858728000000003e-01
   2.8749998999999998e-01   9.2829645000000005e-01
   2.8501004000000002e-01   9.2876004000000001e-01
   2.8344870999999999e-01   9.2905126999999998e-01
   2.8501004000000002e-01   9.2876004000000001e-01
   2.8125000000000000e-01   9.2946088000000004e-01
   2.8344870999999999e-01   9.2905126999999998e-01
   2.9107279000000003e-01   9.2767719000000004e-01
   2.9030856999999999e-01   9.2780857999999999e-01
   2.9374999000000002e-01   9.2721355999999999e-01
   2.9107279000000003e-01   9.2767719000000004e-01
   2.8749998999999998e-01   9.2829645000000005e-01
   2.9030856999999999e-01   9.2780857999999999e-01
   2.5624998999999998e-01   9.3510682000000001e-01
   2.5932885000000000e-01   9.3432884999999999e-01
   2.5945186999999997e-01   9.3429810999999996e-01
   2.5932885000000000e-01   9.3432884999999999e-01
   2.6249999000000002e-01   9.3353136999999997e-01
   2.5945186999999997e-01   9.3429810999999996e-01
   2.5000000000000000e-01   9.3681029999999998e-01
   2.5094761999999998e-01   9.3655237000000002e-01
   2.5624998999999998e-01   9.3510682000000001e-01
   2.5436753000000001e-01   9.3561753999999997e-01
   2.5094761999999998e-01   9.3655237000000002e-01
   2.5436753000000001e-01   9.3561753999999997e-01
   2.6875000999999998e-01   9.3206613000000005e-01
   2.6941979999999999e-01   9.3191977000000004e-01
   2.7252272999999999e-01   9.3124998000000003e-01
   2.6941979999999999e-01   9.3191977000000004e-01
   2.6249999000000002e-01   9.3353136999999997e-01
   2.6434617999999999e-01   9.3309617000000000e-01
   2.6768328000000002e-01   9.3231671000000005e-01
   2.6434617999999999e-01   9.3309617000000000e-01
   2.6875000999999998e-01   9.3206613000000005e-01
   2.6768328000000002e-01   9.3231671000000005e-01
   5.4113126000000000e-01   9.1511874999999998e-01
   5.4010015000000000e-01   9.1510015000000000e-01
   5.4374999000000002e-01   9.1516412000000003e-01
   5.4113126000000000e-01   9.1511874999999998e-01
   5.3750001999999997e-01   9.1505504000000004e-01
   5.4010015000000000e-01   9.1510015000000000e-01
   5.5000000999999998e-01   9.1528215000000002e-01
   5.4726975000000000e-01   9.1523025999999996e-01
   5.4374999000000002e-01   9.1516412000000003e-01
   5.4646563000000004e-01   9.1521564000000000e-01
   5.4726975000000000e-01   9.1523025999999996e-01
   5.4646563000000004e-01   9.1521564000000000e-01
   5.2880758000000005e-01   9.1494242000000003e-01
   5.2742482999999996e-01   9.1492485000000001e-01
   5.3125000000000000e-01   9.1497172000000004e-01
   5.2880758000000005e-01   9.1494242000000003e-01
   5.2499998000000003e-01   9.1489571999999997e-01
   5.2742482999999996e-01   9.1492485000000001e-01
   5.3750001999999997e-01   9.1505504000000004e-01
   5.3497897999999999e-01   9.1502103999999995e-01
   5.3125000000000000e-01   9.1497172000000004e-01
   5.3375545000000002e-01   9.1500545000000000e-01
   5.3497897999999999e-01   9.1502103999999995e-01
   5.3375545000000002e-01   9.1500545000000000e-01
   5.6875001999999997e-01   9.1576069999999998e-01
   5.6567199999999995e-01   9.1567198999999999e-01
   5.6558056999999995e-01   9.1566943999999995e-01
   5.6567199999999995e-01   9.1567198999999999e-01
   5.6250000000000000e-01   9.1558048999999997e-01
   5.6558056999999995e-01   9.1566943999999995e-01
   5.7499999000000002e-01   9.1595484999999999e-01
   5.7211537999999995e-01   9.1586537999999995e-01
   5.7164957999999999e-01   9.1585042999999999e-01
   5.7211537999999995e-01   9.1586537999999995e-01
   5.6875001999999997e-01   9.1576069999999998e-01
   5.7164957999999999e-01   9.1585042999999999e-01
   5.5338986000000001e-01   9.1536013999999999e-01
   5.5284728000000005e-01   9.1534729000000004e-01
   5.5624998000000003e-01   9.1542546999999996e-01
   5.5338986000000001e-01   9.1536013999999999e-01
   5.5000000999999998e-01   9.1528215000000002e-01
   5.5284728000000005e-01   9.1534729000000004e-01
   5.6250000000000000e-01   9.1558048999999997e-01
   5.5949424999999997e-01   9.1550573999999996e-01
   5.5624998000000003e-01   9.1542546999999996e-01
   5.5924989999999997e-01   9.1549992000000002e-01
   5.5949424999999997e-01   9.1550573999999996e-01
   5.5924989999999997e-01   9.1549992000000002e-01
   4.4075131000000001e-01   9.1549868999999995e-01
   4.4050456999999998e-01   9.1550458000000001e-01
   4.4374998999999998e-01   9.1542429000000003e-01
   4.4075131000000001e-01   9.1549868999999995e-01
   4.3750000000000000e-01   9.1557926999999995e-01
   4.4050456999999998e-01   9.1550458000000001e-01
   4.4999999000000002e-01   9.1528113000000000e-01
   4.4715382999999997e-01   9.1534616999999996e-01
   4.4374998999999998e-01   9.1542429000000003e-01
   4.4660904000000001e-01   9.1535906000000000e-01
   4.4715382999999997e-01   9.1534616999999996e-01
   4.4660904000000001e-01   9.1535906000000000e-01
   4.3125001000000002e-01   9.1575921000000005e-01
   4.2834900999999997e-01   9.1584900000000002e-01
   4.2788615000000002e-01   9.1586385999999997e-01
   4.2834900999999997e-01   9.1584900000000002e-01
   4.2500000999999998e-01   9.1595338999999998e-01
   4.2788615000000002e-01   9.1586385999999997e-01
   4.3750000000000000e-01   9.1557926999999995e-01
   4.3441813000000001e-01   9.1566813000000002e-01
   4.3432941000000003e-01   9.1567060000000000e-01
   4.3441813000000001e-01   9.1566813000000002e-01
   4.3125001000000002e-01   9.1575921000000005e-01
   4.3432941000000003e-01   9.1567060000000000e-01
   4.6624525999999999e-01   9.1500475000000003e-01
   4.6502032999999998e-01   9.1502033000000005e-01
   4.6875000000000000e-01   9.1497108000000005e-01
   4.6624525999999999e-01   9.1500475000000003e-01
   4.6250001000000002e-01   9.1505426000000001e-01
   4.6502032999999998e-01   9.1502033000000005e-01
   4.7499998999999998e-01   9.1489520000000002e-01
   4.7257571999999998e-01   9.1492428000000003e-01
   4.6875000000000000e-01   9.1497108000000005e-01
   4.7119181999999998e-01   9.1494184000000001e-01
   4.7257571999999998e-01   9.1492428000000003e-01
   4.7119181999999998e-01   9.1494184000000001e-01
   4.5353533000000001e-01   9.1521467999999995e-01
   4.5272931000000000e-01   9.1522932000000001e-01
   4.5625000999999998e-01   9.1516322999999999e-01
   4.5353533000000001e-01   9.1521467999999995e-01
   4.4999999000000002e-01   9.1528113000000000e-01
   4.5272931000000000e-01   9.1522932000000001e-01
   4.6250001000000002e-01   9.1505426000000001e-01
   4.5990070999999999e-01   9.1509931000000000e-01
   4.5625000999999998e-01   9.1516322999999999e-01
   4.5886792999999998e-01   9.1511792999999997e-01
   4.5990070999999999e-01   9.1509931000000000e-01
   4.5886792999999998e-01   9.1511792999999997e-01
   7.3124999000000002e-01   9.3207154000000003e-01
   7.3232379000000003e-01   9.3232378000000005e-01
   7.3564942000000000e-01   9.3310057000000002e-01
   7.3232379000000003e-01   9.3232378000000005e-01
   7.3750000999999998e-01   9.3353680000000006e-01
   7.3564942000000000e-01   9.3310057000000002e-01
   7.2745360000000003e-01   9.3124998000000003e-01
   7.3057581000000005e-01   9.3192416000000000e-01
   7.3124999000000002e-01   9.3207154000000003e-01
   7.3057581000000005e-01   9.3192416000000000e-01
   7.4562788000000002e-01   9.3562210000000001e-01
   7.4906044000000005e-01   9.3656044000000005e-01
   7.4374998000000003e-01   9.3511257999999997e-01
   7.4562788000000002e-01   9.3562210000000001e-01
   7.5000000000000000e-01   9.3681619000000005e-01
   7.4906044000000005e-01   9.3656044000000005e-01
   7.3750000999999998e-01   9.3353680000000006e-01
   7.4055557000000005e-01   9.3430555999999998e-01
   7.4066666000000003e-01   9.3433332000000002e-01
   7.4055557000000005e-01   9.3430555999999998e-01
   7.4374998000000003e-01   9.3511257999999997e-01
   7.4066666000000003e-01   9.3433332000000002e-01
   7.1249998000000003e-01   9.2830098000000005e-01
   7.0968748999999998e-01   9.2781250000000004e-01
   7.0625000999999998e-01   9.2721823999999997e-01
   7.0893276999999999e-01   9.2768276999999999e-01
   7.0968748999999998e-01   9.2781250000000004e-01
   7.0893276999999999e-01   9.2768276999999999e-01
   7.1875000000000000e-01   9.2946593000000000e-01
   7.1655725999999997e-01   9.2905726000000000e-01
   7.1498594000000004e-01   9.2876404000000001e-01
   7.1655725999999997e-01   9.2905726000000000e-01
   7.1249998000000003e-01   9.2830098000000005e-01
   7.1498594000000004e-01   9.2876404000000001e-01
   7.8568773999999997e-01   9.4999999000000002e-01
   7.8266431000000003e-01   9.4858569000000004e-01
   7.8125000000000000e-01   9.4794027000000003e-01
   7.8266431000000003e-01   9.4858569000000004e-01
   7.5000000000000000e-01   9.3681619000000005e-01
   7.5052971000000002e-01   9.3697028999999998e-01
   7.5231424000000002e-01   9.3750000000000000e-01
   7.5052971000000002e-01   9.3697028999999998e-01
   7.6875000999999998e-01   9.4287966000000001e-01
   7.6741170999999997e-01   9.4241171999999995e-01
   7.6476727000000000e-01   9.4148273999999998e-01
   7.6741170999999997e-01   9.4241171999999995e-01
   7.6249999000000002e-01   9.4069400000000003e-01
   7.6476727000000000e-01   9.4148273999999998e-01
   7.7102493999999999e-01   9.4375001999999997e-01
   7.6938287999999999e-01   9.4311714000000002e-01
   7.6875000999999998e-01   9.4287966000000001e-01
   7.6938287999999999e-01   9.4311714000000002e-01
   6.3749999000000002e-01   9.1925292000000003e-01
   6.3804576000000002e-01   9.1929576000000002e-01
   6.4283095000000001e-01   9.1966904999999999e-01
   6.3804576000000002e-01   9.1929576000000002e-01
   6.4375000999999998e-01   9.1974124999999995e-01
   6.4283095000000001e-01   9.1966904999999999e-01
   6.3066476999999999e-01   9.1874999000000002e-01
   6.2535666999999995e-01   9.1839331999999996e-01
   6.2500000000000000e-01   9.1836888999999999e-01
   6.2535666999999995e-01   9.1839331999999996e-01
   6.3125001999999997e-01   9.1878934000000001e-01
   6.3129252000000002e-01   9.1879248999999996e-01
   6.3703171999999997e-01   9.1921827000000000e-01
   6.3129252000000002e-01   9.1879248999999996e-01
   6.3749999000000002e-01   9.1925292000000003e-01
   6.3703171999999997e-01   9.1921827000000000e-01
   6.9182648999999996e-01   9.2500000999999998e-01
   6.9351286999999995e-01   9.2523714999999995e-01
   6.9375001999999997e-01   9.2527060999999999e-01
   6.9351286999999995e-01   9.2523714999999995e-01
   6.6250001999999997e-01   9.2146019999999995e-01
   6.6552765000000003e-01   9.2177765000000000e-01
   6.6570408000000003e-01   9.2179591999999999e-01
   6.6552765000000003e-01   9.2177765000000000e-01
   6.6874999000000002e-01   9.2211619000000000e-01
   6.6570408000000003e-01   9.2179591999999999e-01
   6.5625000000000000e-01   9.2084357999999999e-01
   6.5857259999999995e-01   9.2107258999999997e-01
   6.6003285000000000e-01   9.2121715999999998e-01
   6.5857259999999995e-01   9.2107258999999997e-01
   6.6250001999999997e-01   9.2146019999999995e-01
   6.6003285000000000e-01   9.2121715999999998e-01
   1.7409234000000001e-01   1.0874999999999999e+00
   1.7315305000000000e-01   1.0856531000000000e+00
   1.7093259000000000e-01   1.0812500000000000e+00
   1.7228592000000001e-01   1.0839641000000000e+00
   1.7315305000000000e-01   1.0856531000000000e+00
   1.7228592000000001e-01   1.0839641000000000e+00
   1.6822344000000000e-01   1.0750000000000000e+00
   1.6838392999999999e-01   1.0753661000000001e+00
   1.6875000000000001e-01   1.0762232000000000e+00
   1.6838392999999999e-01   1.0753661000000001e+00
   1.7499999999999999e-01   1.0892440000000001e+00
   1.7440337000000000e-01   1.0880966000000001e+00
   1.7409234000000001e-01   1.0874999999999999e+00
   1.7440337000000000e-01   1.0880966000000001e+00
   1.6249999000000001e-01   1.0595174999999999e+00
   1.6319776000000000e-01   1.0618022000000000e+00
   1.6341734999999999e-01   1.0625000000000000e+00
   1.6319776000000000e-01   1.0618022000000000e+00
   1.6559399999999999e-01   1.0687500000000001e+00
   1.6650693000000000e-01   1.0709930999999999e+00
   1.6784076000000001e-01   1.0740908000000000e+00
   1.6650693000000000e-01   1.0709930999999999e+00
   1.6822344000000000e-01   1.0750000000000000e+00
   1.6784076000000001e-01   1.0740908000000000e+00
   1.6341734999999999e-01   1.0625000000000000e+00
   1.6390772000000001e-01   1.0639076999999999e+00
   1.6559399999999999e-01   1.0687500000000001e+00
   1.6478508000000000e-01   1.0664648999999999e+00
   1.6390772000000001e-01   1.0639076999999999e+00
   1.6478508000000000e-01   1.0664648999999999e+00
   2.0739283000000000e-01   1.1375000000000000e+00
   2.0687994000000001e-01   1.1368701000000001e+00
   2.0624999999999999e-01   1.1360854000000000e+00
   2.0687994000000001e-01   1.1368701000000001e+00
   2.0241124999999999e-01   1.1312500000000001e+00
   2.0410194000000001e-01   1.1333981000000000e+00
   2.0624999999999999e-01   1.1360854000000000e+00
   2.0410194000000001e-01   1.1333981000000000e+00
   2.1318155999999999e-01   1.1444315000000000e+00
   2.1544179999999999e-01   1.1470582000000000e+00
   2.1259432000000000e-01   1.1437500000000000e+00
   2.1318155999999999e-01   1.1444315000000000e+00
   2.1801770000000001e-01   1.1499999999999999e+00
   2.1544179999999999e-01   1.1470582000000000e+00
   2.1259432000000000e-01   1.1437500000000000e+00
   2.1255088999999999e-01   1.1436991000000001e+00
   2.1250000999999999e-01   1.1436386999999999e+00
   2.1255088999999999e-01   1.1436991000000001e+00
   2.5000000000000000e-01   1.1823572000000000e+00
   2.5269506000000003e-01   1.1848049000000000e+00
   2.5576143000000001e-01   1.1875000000000000e+00
   2.5269506000000003e-01   1.1848049000000000e+00
   2.6302541000000002e-01   1.1937500000000001e+00
   2.6614264999999998e-01   1.1963573999999999e+00
   2.6875000999999998e-01   1.1984874999999999e+00
   2.6614264999999998e-01   1.1963573999999999e+00
   2.6302541000000002e-01   1.1937500000000001e+00
   2.6273879999999999e-01   1.1935112000000001e+00
   2.6249999000000002e-01   1.1933102000000000e+00
   2.6273879999999999e-01   1.1935112000000001e+00
   7.3750000999999998e-01   1.1933142999999999e+00
   7.3726345999999998e-01   1.1935134000000001e+00
   7.3697955000000004e-01   1.1937500000000001e+00
   7.3726345999999998e-01   1.1935134000000001e+00
   7.3124999000000002e-01   1.1984915000000000e+00
   7.3385959000000001e-01   1.1963596000000001e+00
   7.3697955000000004e-01   1.1937500000000001e+00
   7.3385959000000001e-01   1.1963596000000001e+00
   7.4424334999999997e-01   1.1875000000000000e+00
   7.4730726999999997e-01   1.1848072999999999e+00
   7.5000000000000000e-01   1.1823617000000000e+00
   7.4730726999999997e-01   1.1848072999999999e+00
   7.8750001999999997e-01   1.1436442000000000e+00
   7.8745167999999999e-01   1.1437017000000000e+00
   7.8741042000000006e-01   1.1437500000000000e+00
   7.8745167999999999e-01   1.1437017000000000e+00
   7.8198712000000004e-01   1.1499999999999999e+00
   7.8456079000000001e-01   1.1470608000000000e+00
   7.8741042000000006e-01   1.1437500000000000e+00
   7.8685260999999995e-01   1.1443973999999999e+00
   7.8456079000000001e-01   1.1470608000000000e+00
   7.8685260999999995e-01   1.1443973999999999e+00
   7.9374999000000002e-01   1.1360911000000000e+00
   7.9590059000000002e-01   1.1334006000000001e+00
   7.9759325999999997e-01   1.1312500000000001e+00
   7.9590059000000002e-01   1.1334006000000001e+00
   7.9374999000000002e-01   1.1360911000000000e+00
   7.9312258000000002e-01   1.1368726000000000e+00
   7.9261176000000000e-01   1.1375000000000000e+00
   7.9312258000000002e-01   1.1368726000000000e+00
   3.7182552000000002e-01   1.2594244999999999e+00
   3.7198881000000000e-01   1.2594888000000000e+00
   3.6875001000000002e-01   1.2581883000000000e+00
   3.7182552000000002e-01   1.2594244999999999e+00
   3.7500000000000000e-01   1.2606854000000001e+00
   3.7198881000000000e-01   1.2594888000000000e+00
   3.6410924000000000e-01   1.2562500000000001e+00
   3.6737942000000001e-01   1.2576206000000001e+00
   3.6875001000000002e-01   1.2581883000000000e+00
   3.6737942000000001e-01   1.2576206000000001e+00
   3.6410924000000000e-01   1.2562500000000001e+00
   3.6297357000000002e-01   1.2557764000000000e+00
   3.6250000999999998e-01   1.2555757999999999e+00
   3.6297357000000002e-01   1.2557764000000000e+00
   3.9375000999999998e-01   1.2673418999999999e+00
   3.9163978999999999e-01   1.2666398000000001e+00
   3.9011312999999997e-01   1.2661369000000000e+00
   3.9163978999999999e-01   1.2666398000000001e+00
   3.8749999000000002e-01   1.2652587000000000e+00
   3.9011312999999997e-01   1.2661369000000000e+00
   3.9829013000000002e-01   1.2687500000000000e+00
   3.9482091000000002e-01   1.2676791000000001e+00
   3.9375000999999998e-01   1.2673418999999999e+00
   3.9482091000000002e-01   1.2676791000000001e+00
   3.7989124000000002e-01   1.2625000000000000e+00
   3.8088242999999999e-01   1.2628676000000001e+00
   3.8124998999999998e-01   1.2630040000000000e+00
   3.8088242999999999e-01   1.2628676000000001e+00
   3.8749999000000002e-01   1.2652587000000000e+00
   3.8546570000000002e-01   1.2645343000000000e+00
   3.8124998999999998e-01   1.2630040000000000e+00
   3.8203759999999998e-01   1.2632876000000000e+00
   3.8546570000000002e-01   1.2645343000000000e+00
   3.8203759999999998e-01   1.2632876000000000e+00
   3.7500000000000000e-01   1.2606854000000001e+00
   3.7631773000000002e-01   1.2611823000000000e+00
   3.7989124000000002e-01   1.2625000000000000e+00
   3.7631773000000002e-01   1.2611823000000000e+00
   3.2601982000000002e-01   1.2375000000000000e+00
   3.2937526000000000e-01   1.2393746999999999e+00
   3.3125000999999998e-01   1.2404105000000001e+00
   3.2937526000000000e-01   1.2393746999999999e+00
   3.3750001000000002e-01   1.2436985000000000e+00
   3.3739153999999999e-01   1.2436415000000001e+00
   3.3342469000000002e-01   1.2415753000000000e+00
   3.3739153999999999e-01   1.2436415000000001e+00
   3.3125000999999998e-01   1.2404105000000001e+00
   3.3342469000000002e-01   1.2415753000000000e+00
   3.2499999000000002e-01   1.2369300999999999e+00
   3.2536422999999998e-01   1.2371357999999999e+00
   3.2601982000000002e-01   1.2375000000000000e+00
   3.2536422999999998e-01   1.2371357999999999e+00
   3.1250000000000000e-01   1.2295560000000001e+00
   3.0969965999999999e-01   1.2278003000000000e+00
   3.0625001000000002e-01   1.2255917000000001e+00
   3.0788691000000001e-01   1.2266368999999999e+00
   3.0969965999999999e-01   1.2278003000000000e+00
   3.0788691000000001e-01   1.2266368999999999e+00
   3.2139036999999998e-01   1.2348596000000001e+00
   3.2365592999999998e-01   1.2361559000000000e+00
   3.1874998999999998e-01   1.2333110000000000e+00
   3.2139036999999998e-01   1.2348596000000001e+00
   3.2499999000000002e-01   1.2369300999999999e+00
   3.2365592999999998e-01   1.2361559000000000e+00
   3.1531363000000001e-01   1.2312500000000000e+00
   3.1746101999999998e-01   1.2325390000000001e+00
   3.1874998999999998e-01   1.2333110000000000e+00
   3.1746101999999998e-01   1.2325390000000001e+00
   3.1531363000000001e-01   1.2312500000000000e+00
   3.1355203999999998e-01   1.2301979999999999e+00
   3.1250000000000000e-01   1.2295560000000001e+00
   3.1355203999999998e-01   1.2301979999999999e+00
   5.6250000000000000e-01   1.2785006999999999e+00
   5.6016394999999997e-01   1.2789140000000001e+00
   5.5825296999999996e-01   1.2792470000000000e+00
   5.6016394999999997e-01   1.2789140000000001e+00
   5.5624998000000003e-01   1.2795998000000000e+00
   5.5825296999999996e-01   1.2792470000000000e+00
   5.6592005999999995e-01   1.2778300000000000e+00
   5.6542758000000004e-01   1.2779275999999999e+00
   5.6875001999999997e-01   1.2772737000000001e+00
   5.6592005999999995e-01   1.2778300000000000e+00
   5.6250000000000000e-01   1.2785006999999999e+00
   5.6542758000000004e-01   1.2779275999999999e+00
   5.8749998000000003e-01   1.2728674000000000e+00
   5.9043482000000003e-01   1.2720651999999999e+00
   5.9375000000000000e-01   1.2711549000000000e+00
   5.9073399000000004e-01   1.2719840000000000e+00
   5.9043482000000003e-01   1.2720651999999999e+00
   5.9073399000000004e-01   1.2719840000000000e+00
   5.8200386999999998e-01   1.2742461000000000e+00
   5.8579954999999995e-01   1.2732996000000001e+00
   5.8125000999999998e-01   1.2744363000000001e+00
   5.8200386999999998e-01   1.2742461000000000e+00
   5.8749998000000003e-01   1.2728674000000000e+00
   5.8579954999999995e-01   1.2732996000000001e+00
   5.3125000000000000e-01   1.2828504000000001e+00
   5.3270242000000001e-01   1.2827024000000000e+00
   5.3643220000000003e-01   1.2823178000000000e+00
   5.3270242000000001e-01   1.2827024000000000e+00
   5.3750001999999997e-01   1.2822088000000000e+00
   5.3643220000000003e-01   1.2823178000000000e+00
   5.2499998000000003e-01   1.2833725000000000e+00
   5.2695972999999996e-01   1.2832097000000000e+00
   5.2950432000000003e-01   1.2829957000000001e+00
   5.2695972999999996e-01   1.2832097000000000e+00
   5.3125000000000000e-01   1.2828504000000001e+00
   5.2950432000000003e-01   1.2829957000000001e+00
   5.4374999000000002e-01   1.2814395000000001e+00
   5.4391663999999995e-01   1.2814166000000000e+00
   5.4512384000000003e-01   1.2812500000000000e+00
   5.4391663999999995e-01   1.2814166000000000e+00
   5.3750001999999997e-01   1.2822088000000000e+00
   5.3835557000000001e-01   1.2821056000000000e+00
   5.4353437000000004e-01   1.2814656000000000e+00
   5.3835557000000001e-01   1.2821056000000000e+00
   5.4374999000000002e-01   1.2814395000000001e+00
   5.4353437000000004e-01   1.2814656000000000e+00
