   8.1337804999999996e-01   6.0000001999999997e-01
   8.1274199000000003e-01   6.1225801999999996e-01
   8.1272445999999998e-01   6.1272446999999997e-01
   8.1274199000000003e-01   6.1225801999999996e-01
   8.1206796999999997e-01   6.2500000000000000e-01
   8.1272445999999998e-01   6.1272446999999997e-01
   8.2022587999999996e-01   8.0000000999999998e-01
   8.1918194000000000e-01   8.0581806000000000e-01
   8.1802902000000000e-01   8.1802902000000000e-01
   8.1918194000000000e-01   8.0581806000000000e-01
   8.1648909000000003e-01   8.2499999000000002e-01
   8.1802902000000000e-01   8.1802902000000000e-01
   8.2306767999999997e-01   1.0000000000000000e+00
   8.2300989999999996e-01   1.0019901000000000e+00
   8.2245067999999999e-01   1.0224507000000000e+00
   8.2300989999999996e-01   1.0019901000000000e+00
   8.2237640000000001e-01   1.0249999999999999e+00
   8.2245067999999999e-01   1.0224507000000000e+00
   1.8662193999999999e-01   6.0000001999999997e-01
   1.9154857000000000e-01   5.9154857999999999e-01
   2.0000000000000001e-01   5.8134065000000001e-01
   1.9154857000000000e-01   5.9154857999999999e-01
   2.0000000000000001e-01   5.8134065000000001e-01
   2.0980810999999999e-01   5.8480812000000004e-01
   2.1370833000000000e-01   5.8629167000000004e-01
   2.0980810999999999e-01   5.8480812000000004e-01
   2.2499999000000001e-01   5.8996528999999998e-01
   2.1370833000000000e-01   5.8629167000000004e-01
   7.7499998000000003e-01   5.8996526999999999e-01
   7.8629165999999995e-01   5.8629167000000004e-01
   7.9019189000000001e-01   5.8480810999999999e-01
   7.8629165999999995e-01   5.8629167000000004e-01
   8.0000000999999998e-01   5.8134065000000001e-01
   7.9019189000000001e-01   5.8480810999999999e-01
   8.0000000999999998e-01   5.8134065000000001e-01
   8.0845142999999997e-01   5.9154857999999999e-01
   8.1337804999999996e-01   6.0000001999999997e-01
   8.0845142999999997e-01   5.9154857999999999e-01
   1.8793202000000001e-01   6.2500000000000000e-01
   1.8727553000000000e-01   6.1272448000000002e-01
   1.8725800000000001e-01   6.1225801000000002e-01
   1.8727553000000000e-01   6.1272448000000002e-01
   1.8662193999999999e-01   6.0000001999999997e-01
   1.8725800000000001e-01   6.1225801000000002e-01
   1.7977412000000001e-01   8.0000000999999998e-01
   1.7913351000000000e-01   7.9586648999999998e-01
   1.7499999999999999e-01   7.7515672999999996e-01
   1.7913351000000000e-01   7.9586648999999998e-01
   8.2499999000000002e-01   7.7515672999999996e-01
   8.2086647999999995e-01   7.9586648999999998e-01
   8.2022587999999996e-01   8.0000000999999998e-01
   8.2086647999999995e-01   7.9586648999999998e-01
   1.8351091000000000e-01   8.2499999000000002e-01
   1.8197098000000000e-01   8.1802902000000000e-01
   1.8081805000000001e-01   8.0581806000000000e-01
   1.8197098000000000e-01   8.1802902000000000e-01
   1.7977412000000001e-01   8.0000000999999998e-01
   1.8081805000000001e-01   8.0581806000000000e-01
   1.7693232000000000e-01   1.0000000000000000e+00
   1.7701538000000000e-01   9.9798461999999999e-01
   1.7785898999999999e-01   9.7785900999999997e-01
   1.7701538000000000e-01   9.9798461999999999e-01
   1.7797663999999999e-01   9.7500001999999997e-01
   1.7785898999999999e-01   9.7785900999999997e-01
   3.7818640999999997e-01   9.9681359000000003e-01
   3.9791064999999998e-01   9.9791063999999996e-01
   3.7500000000000000e-01   9.9663500999999999e-01
   3.7818640999999997e-01   9.9681359000000003e-01
   4.0000001000000002e-01   9.9802765000000004e-01
   3.9791064999999998e-01   9.9791063999999996e-01
   5.7592224999999997e-01   9.9907774000000005e-01
   5.9811057000000001e-01   9.9811055999999998e-01
   5.7499999000000002e-01   9.9911819000000002e-01
   5.7592224999999997e-01   9.9907774000000005e-01
   6.0000001999999997e-01   9.9802763999999999e-01
   5.9811057000000001e-01   9.9811055999999998e-01
   4.0000001000000002e-01   9.9802765000000004e-01
   4.0188944999999998e-01   9.9811055999999998e-01
   4.2500000999999998e-01   9.9911819000000002e-01
   4.2407774999999998e-01   9.9907774000000005e-01
   4.0188944999999998e-01   9.9811055999999998e-01
   4.2407774999999998e-01   9.9907774000000005e-01
   6.0000001999999997e-01   9.9802763999999999e-01
   6.0208938000000001e-01   9.9791063999999996e-01
   6.2500000000000000e-01   9.9663500000000005e-01
   6.2181357999999998e-01   9.9681357999999998e-01
   6.0208938000000001e-01   9.9791063999999996e-01
   6.2181357999999998e-01   9.9681357999999998e-01
   8.2202335999999998e-01   9.7500001999999997e-01
   8.2214100999999995e-01   9.7785900000000003e-01
   8.2298462999999999e-01   9.9798463999999998e-01
   8.2214100999999995e-01   9.7785900000000003e-01
   8.2306767999999997e-01   1.0000000000000000e+00
   8.2298462999999999e-01   9.9798463999999998e-01
   1.7762359999999999e-01   1.0249999999999999e+00
   1.7754932000000001e-01   1.0224507000000000e+00
   1.7699010000000001e-01   1.0019901000000000e+00
   1.7754932000000001e-01   1.0224507000000000e+00
   1.7693232000000000e-01   1.0000000000000000e+00
   1.7699010000000001e-01   1.0019901000000000e+00
   2.0037695999999999e-01   6.7500000999999998e-01
   2.1867721000000001e-01   6.8132278999999996e-01
   2.2499999000000001e-01   6.8327221999999999e-01
   2.1867721000000001e-01   6.8132278999999996e-01
   2.0419915000000000e-01   8.7919915000000004e-01
   2.0628926000000000e-01   8.9371071999999996e-01
   2.0365732000000000e-01   8.7500000000000000e-01
   2.0419915000000000e-01   8.7919915000000004e-01
   2.0707329999999999e-01   8.9999998000000003e-01
   2.0628926000000000e-01   8.9371071999999996e-01
   8.0451174999999997e-01   8.7951173999999999e-01
   8.0663313000000003e-01   8.9336685999999998e-01
   8.0405550999999997e-01   8.7500000000000000e-01
   8.0451174999999997e-01   8.7951173999999999e-01
   8.0723054000000005e-01   8.9999998000000003e-01
   8.0663313000000003e-01   8.9336685999999998e-01
   5.0000000000000000e-01   1.0005063999999999e+00
   4.9949673000000000e-01   1.0005033000000001e+00
   4.7499998999999998e-01   1.0003485999999999e+00
   4.7535083000000000e-01   1.0003508000000001e+00
   4.9949673000000000e-01   1.0005033000000001e+00
   4.7535083000000000e-01   1.0003508000000001e+00
   8.1021538999999998e-01   1.0852154000000001e+00
   8.0826874000000004e-01   1.0917313000000000e+00
   8.1319222000000002e-01   1.0750000000000000e+00
   8.1021538999999998e-01   1.0852154000000001e+00
   8.0583159000000004e-01   1.1000000000000001e+00
   8.0826874000000004e-01   1.0917313000000000e+00
   6.7500000999999998e-01   1.2882167000000000e+00
   6.8237568999999998e-01   1.2823757000000000e+00
   6.9138074000000005e-01   1.2749999999999999e+00
   6.8237568999999998e-01   1.2823757000000000e+00
   7.7499998000000003e-01   6.8327220000000000e-01
   7.8132274999999995e-01   6.8132276999999997e-01
   7.9962292000000001e-01   6.7500000999999998e-01
   7.8132274999999995e-01   6.8132276999999997e-01
   1.9276947000000000e-01   8.9999998000000003e-01
   1.9336687000000000e-01   8.9336685999999998e-01
   1.9594449000000000e-01   8.7500000000000000e-01
   1.9548825000000000e-01   8.7951173999999999e-01
   1.9336687000000000e-01   8.9336685999999998e-01
   1.9548825000000000e-01   8.7951173999999999e-01
   1.9123736000000000e-01   9.1623736000000000e-01
   1.9192988999999999e-01   9.0807009999999999e-01
   1.9028571000000000e-01   9.2500000999999998e-01
   1.9123736000000000e-01   9.1623736000000000e-01
   1.9276947000000000e-01   8.9999998000000003e-01
   1.9192988999999999e-01   9.0807009999999999e-01
   3.0000000999999998e-01   9.8966801999999998e-01
   3.0925223000000002e-01   9.9074777999999997e-01
   3.2499999000000002e-01   9.9257010000000001e-01
   3.1659182000000002e-01   9.9159182999999995e-01
   3.0925223000000002e-01   9.9074777999999997e-01
   3.1659182000000002e-01   9.9159182999999995e-01
   2.0707329999999999e-01   8.9999998000000003e-01
   2.0760231000000001e-01   9.0760229999999997e-01
   2.0889668000000000e-01   9.2500000999999998e-01
   2.0833018000000000e-01   9.1666981000000003e-01
   2.0760231000000001e-01   9.0760229999999997e-01
   2.0833018000000000e-01   9.1666981000000003e-01
   2.8718675999999999e-01   9.8781326000000003e-01
   2.8791886000000000e-01   9.8791885999999995e-01
   2.7500001000000002e-01   9.8604661000000005e-01
   2.8718675999999999e-01   9.8781326000000003e-01
   3.0000000999999998e-01   9.8966801999999998e-01
   2.8791886000000000e-01   9.8791885999999995e-01
   7.9292669999999998e-01   8.9999998000000003e-01
   7.9371073999999997e-01   8.9371071999999996e-01
   7.9634269000000002e-01   8.7500000000000000e-01
   7.9580086000000005e-01   8.7919913999999999e-01
   7.9371073999999997e-01   8.9371071999999996e-01
   7.9580086000000005e-01   8.7919913999999999e-01
   6.9999999000000002e-01   9.8966801000000004e-01
   7.1208117000000004e-01   9.8791885000000002e-01
   7.2500001999999997e-01   9.8604658999999995e-01
   7.1281324000000001e-01   9.8781324000000004e-01
   7.1208117000000004e-01   9.8791885000000002e-01
   7.1281324000000001e-01   9.8781324000000004e-01
   7.9166981000000003e-01   9.1666981000000003e-01
   7.9239767999999999e-01   9.0760231000000002e-01
   7.9110332000000005e-01   9.2500000999999998e-01
   7.9166981000000003e-01   9.1666981000000003e-01
   7.9292669999999998e-01   8.9999998000000003e-01
   7.9239767999999999e-01   9.0760231000000002e-01
   6.8340818999999997e-01   9.9159182000000001e-01
   6.9074776000000004e-01   9.9074777000000003e-01
   6.7500000999999998e-01   9.9257008999999996e-01
   6.8340818999999997e-01   9.9159182000000001e-01
   6.9999999000000002e-01   9.8966801000000004e-01
   6.9074776000000004e-01   9.9074777000000003e-01
   8.0723054000000005e-01   8.9999998000000003e-01
   8.0807012000000000e-01   9.0807011000000004e-01
   8.0971428999999995e-01   9.2500000999999998e-01
   8.0876263999999998e-01   9.1623736000000000e-01
   8.0807012000000000e-01   9.0807011000000004e-01
   8.0876263999999998e-01   9.1623736000000000e-01
   1.9416842000000001e-01   1.1000000000000001e+00
   1.9173128000000000e-01   1.0917313000000000e+00
   1.8680779000000000e-01   1.0750000000000000e+00
   1.8978461999999999e-01   1.0852154000000001e+00
   1.9173128000000000e-01   1.0917313000000000e+00
   1.8978461999999999e-01   1.0852154000000001e+00
   2.0000000000000001e-01   1.1162338000000001e+00
   1.9568463999999999e-01   1.1043153999999999e+00
   1.9416842000000001e-01   1.1000000000000001e+00
   1.9568463999999999e-01   1.1043153999999999e+00
   2.0323405999999999e-01   1.1250000000000000e+00
   2.0235106000000000e-01   1.1226488999999999e+00
   2.0000000000000001e-01   1.1162338000000001e+00
   2.0235106000000000e-01   1.1226488999999999e+00
   5.2464913999999996e-01   1.0003508000000001e+00
   5.0050326999999994e-01   1.0005033000000001e+00
   5.2499998000000003e-01   1.0003485999999999e+00
   5.2464913999999996e-01   1.0003508000000001e+00
   5.0000000000000000e-01   1.0005063999999999e+00
   5.0050326999999994e-01   1.0005033000000001e+00
   8.0000000999999998e-01   1.1162338000000001e+00
   7.9764895999999996e-01   1.1226488999999999e+00
   7.9676594999999995e-01   1.1250000000000000e+00
   7.9764895999999996e-01   1.1226488999999999e+00
   8.0583159000000004e-01   1.1000000000000001e+00
   8.0431538000000002e-01   1.1043153999999999e+00
   8.0000000999999998e-01   1.1162338000000001e+00
   8.0431538000000002e-01   1.1043153999999999e+00
   3.0861926000000001e-01   1.2749999999999999e+00
   3.1762431000000002e-01   1.2823757000000000e+00
   3.2499999000000002e-01   1.2882167000000000e+00
   3.1762431000000002e-01   1.2823757000000000e+00
   3.8745922999999999e-01   1.3250000000000000e+00
   3.7870523000000000e-01   1.3212948000000000e+00
   3.7500000000000000e-01   1.3196397000000000e+00
   3.7870523000000000e-01   1.3212948000000000e+00
   6.2500000000000000e-01   1.3196397000000000e+00
   6.2129478000000005e-01   1.3212948000000000e+00
   6.1254078999999995e-01   1.3250000000000000e+00
   6.2129478000000005e-01   1.3212948000000000e+00
   2.3744419000000000e-01   6.2500000000000000e-01
   2.3584162000000000e-01   6.1415838000000000e-01
   2.3512214000000001e-01   6.1012215999999997e-01
   2.3584162000000000e-01   6.1415838000000000e-01
   2.3354440000000001e-01   6.0000001999999997e-01
   2.3512214000000001e-01   6.1012215999999997e-01
   2.3726963000000001e-01   6.4999998000000003e-01
   2.3735597999999999e-01   6.3764399999999999e-01
   2.3735756999999999e-01   6.3735757000000004e-01
   2.3735597999999999e-01   6.3764399999999999e-01
   2.3744419000000000e-01   6.2500000000000000e-01
   2.3735756999999999e-01   6.3735757000000004e-01
   8.1122704999999995e-01   6.3622703999999997e-01
   8.1096964000000005e-01   6.3903034999999997e-01
   8.1206796999999997e-01   6.2500000000000000e-01
   8.1122704999999995e-01   6.3622703999999997e-01
   8.1012172000000005e-01   6.4999998000000003e-01
   8.1096964000000005e-01   6.3903034999999997e-01
   2.0000000000000001e-01   8.3809133000000002e-01
   2.0685150999999999e-01   8.4314849999999997e-01
   2.1253918999999999e-01   8.5000001999999997e-01
   2.0685150999999999e-01   8.4314849999999997e-01
   8.3163003999999996e-01   8.2499999000000002e-01
   8.3120426000000003e-01   8.1879573999999999e-01
   8.3006203999999995e-01   8.0506204999999997e-01
   8.3120426000000003e-01   8.1879573999999999e-01
   8.2970505999999999e-01   8.0000000999999998e-01
   8.3006203999999995e-01   8.0506204999999997e-01
   8.2946801000000003e-01   8.5000001999999997e-01
   8.3000220999999996e-01   8.4499780000000002e-01
   8.3093607000000003e-01   8.3093607000000003e-01
   8.3000220999999996e-01   8.4499780000000002e-01
   8.3163003999999996e-01   8.2499999000000002e-01
   8.3093607000000003e-01   8.3093607000000003e-01
   8.0000000999999998e-01   8.3809133000000002e-01
   8.1040237999999998e-01   8.3540238000000000e-01
   8.1648909000000003e-01   8.2499999000000002e-01
   8.1040237999999998e-01   8.3540238000000000e-01
   8.2237640000000001e-01   1.0249999999999999e+00
   8.2196802000000002e-01   1.0280320000000001e+00
   8.1980366999999998e-01   1.0448036999999999e+00
   8.2196802000000002e-01   1.0280320000000001e+00
   8.1909458000000002e-01   1.0500000000000000e+00
   8.1980366999999998e-01   1.0448036999999999e+00
   2.5000000000000000e-01   1.2105448000000001e+00
   2.4566515999999999e-01   1.2043348000000000e+00
   2.4270976000000000e-01   1.2000000000000000e+00
   2.4566515999999999e-01   1.2043348000000000e+00
   2.3354440000000001e-01   6.0000001999999997e-01
   2.3001679000000000e-01   5.9498320999999998e-01
   2.2499999000000001e-01   5.8996528999999998e-01
   2.3001679000000000e-01   5.9498320999999998e-01
   7.7499998000000003e-01   5.8996526999999999e-01
   7.6998317000000005e-01   5.9498320000000005e-01
   7.6645556000000004e-01   6.0000001999999997e-01
   7.6998317000000005e-01   5.9498320000000005e-01
   1.8987826999999999e-01   6.4999998000000003e-01
   1.8903035000000001e-01   6.3903034000000003e-01
   1.8793202000000001e-01   6.2500000000000000e-01
   1.8877294000000000e-01   6.3622705000000002e-01
   1.8903035000000001e-01   6.3903034000000003e-01
   1.8877294000000000e-01   6.3622705000000002e-01
   1.7499999999999999e-01   7.7515672999999996e-01
   1.7089883000000000e-01   7.9589882999999995e-01
   1.7029494000000001e-01   8.0000000999999998e-01
   1.7089883000000000e-01   7.9589882999999995e-01
   7.6255578999999996e-01   6.2500000000000000e-01
   7.6264240000000005e-01   6.3735757999999998e-01
   7.6264399000000005e-01   6.3764399000000005e-01
   7.6264240000000005e-01   6.3735757999999998e-01
   7.6273033999999995e-01   6.4999998000000003e-01
   7.6264399000000005e-01   6.3764399000000005e-01
   7.6645556000000004e-01   6.0000001999999997e-01
   7.6487782999999998e-01   6.1012217000000002e-01
   7.6415834999999999e-01   6.1415836999999995e-01
   7.6487782999999998e-01   6.1012217000000002e-01
   7.6255578999999996e-01   6.2500000000000000e-01
   7.6415834999999999e-01   6.1415836999999995e-01
   8.2970505999999999e-01   8.0000000999999998e-01
   8.2910117000000005e-01   7.9589882999999995e-01
   8.2499999000000002e-01   7.7515672999999996e-01
   8.2910117000000005e-01   7.9589882999999995e-01
   1.8351091000000000e-01   8.2499999000000002e-01
   1.8959761999999999e-01   8.3540238000000000e-01
   2.0000000000000001e-01   8.3809133000000002e-01
   1.8959761999999999e-01   8.3540238000000000e-01
   1.6836997000000001e-01   8.2499999000000002e-01
   1.6906393000000000e-01   8.3093607000000003e-01
   1.6999779000000001e-01   8.4499780000000002e-01
   1.6906393000000000e-01   8.3093607000000003e-01
   1.7053198999999999e-01   8.5000001999999997e-01
   1.6999779000000001e-01   8.4499780000000002e-01
   1.7029494000000001e-01   8.0000000999999998e-01
   1.6993796000000000e-01   8.0506204999999997e-01
   1.6879574999999999e-01   8.1879573999999999e-01
   1.6993796000000000e-01   8.0506204999999997e-01
   1.6836997000000001e-01   8.2499999000000002e-01
   1.6879574999999999e-01   8.1879573999999999e-01
   1.7797663999999999e-01   9.7500001999999997e-01
   1.7899138000000001e-01   9.7100863999999998e-01
   1.8189862000000001e-01   9.5689862000000003e-01
   1.7899138000000001e-01   9.7100863999999998e-01
   1.8389479000000000e-01   9.4999999000000002e-01
   1.8189862000000001e-01   9.5689862000000003e-01
   3.4999998999999998e-01   9.9484545000000002e-01
   3.5480806999999998e-01   9.9519192000000001e-01
   3.7500000000000000e-01   9.9663500999999999e-01
   3.7137405000000001e-01   9.9637405999999995e-01
   3.5480806999999998e-01   9.9519192000000001e-01
   3.7137405000000001e-01   9.9637405999999995e-01
   2.1287315000000001e-01   9.4999999000000002e-01
   2.1653723999999999e-01   9.5846275999999997e-01
   2.2499999000000001e-01   9.7092915999999996e-01
   2.1653723999999999e-01   9.5846275999999997e-01
   2.3133691000000001e-01   9.7500001999999997e-01
   2.2718100999999999e-01   9.7281899999999999e-01
   2.2499999000000001e-01   9.7092915999999996e-01
   2.2718100999999999e-01   9.7281899999999999e-01
   2.3133691000000001e-01   9.7500001999999997e-01
   2.4438145000000000e-01   9.8061856000000003e-01
   2.5000000000000000e-01   9.8275217999999998e-01
   2.4438145000000000e-01   9.8061856000000003e-01
   5.5000000999999998e-01   9.9988098000000003e-01
   5.5012280000000002e-01   9.9987720999999996e-01
   5.7499999000000002e-01   9.9911819000000002e-01
   5.7414445999999997e-01   9.9914446999999995e-01
   5.5012280000000002e-01   9.9987720999999996e-01
   5.7414445999999997e-01   9.9914446999999995e-01
   4.2585552999999998e-01   9.9914448000000000e-01
   4.4987719999999998e-01   9.9987720999999996e-01
   4.2500000999999998e-01   9.9911819000000002e-01
   4.2585552999999998e-01   9.9914448000000000e-01
   4.4999999000000002e-01   9.9988098999999997e-01
   4.4987719999999998e-01   9.9987720999999996e-01
   7.8746079999999996e-01   8.5000001999999997e-01
   7.9314848000000004e-01   8.4314849000000003e-01
   8.0000000999999998e-01   8.3809133000000002e-01
   7.9314848000000004e-01   8.4314849000000003e-01
   7.5000000000000000e-01   9.8275215999999999e-01
   7.5561853000000001e-01   9.8061854999999998e-01
   7.6866303000000002e-01   9.7500001999999997e-01
   7.5561853000000001e-01   9.8061854999999998e-01
   7.7499998000000003e-01   9.7092913999999997e-01
   7.7281895000000000e-01   9.7281899000000005e-01
   7.6866303000000002e-01   9.7500001999999997e-01
   7.7281895000000000e-01   9.7281899000000005e-01
   7.7499998000000003e-01   9.7092913999999997e-01
   7.8346274000000005e-01   9.5846275000000003e-01
   7.8712683000000006e-01   9.4999999000000002e-01
   7.8346274000000005e-01   9.5846275000000003e-01
   6.2862594999999999e-01   9.9637405000000001e-01
   6.4519188999999999e-01   9.9519190999999996e-01
   6.2500000000000000e-01   9.9663500000000005e-01
   6.2862594999999999e-01   9.9637405000000001e-01
   6.4999998000000003e-01   9.9484543999999997e-01
   6.4519188999999999e-01   9.9519190999999996e-01
   8.1610521000000003e-01   9.4999999000000002e-01
   8.1810137999999999e-01   9.5689860999999998e-01
   8.2100863000000002e-01   9.7100865000000003e-01
   8.1810137999999999e-01   9.5689860999999998e-01
   8.2202335999999998e-01   9.7500001999999997e-01
   8.2100863000000002e-01   9.7100865000000003e-01
   1.8090543000000001e-01   1.0500000000000000e+00
   1.8019632999999999e-01   1.0448036999999999e+00
   1.7803198000000001e-01   1.0280320000000001e+00
   1.8019632999999999e-01   1.0448036999999999e+00
   1.7762359999999999e-01   1.0249999999999999e+00
   1.7803198000000001e-01   1.0280320000000001e+00
   2.1398202000000000e-01   1.1499999999999999e+00
   2.1766620000000000e-01   1.1573338000000000e+00
   2.2499999000000001e-01   1.1712446999999999e+00
   2.1766620000000000e-01   1.1573338000000000e+00
   2.2706507000000001e-01   1.1750000000000000e+00
   2.2632097000000001e-01   1.1736789999999999e+00
   2.2499999000000001e-01   1.1712446999999999e+00
   2.2632097000000001e-01   1.1736789999999999e+00
   2.4270976000000000e-01   1.2000000000000000e+00
   2.3580266000000000e-01   1.1891973000000000e+00
   2.3042314999999999e-01   1.1804231999999999e+00
   2.3580266000000000e-01   1.1891973000000000e+00
   2.2706507000000001e-01   1.1750000000000000e+00
   2.3042314999999999e-01   1.1804231999999999e+00
   7.7293491000000003e-01   1.1750000000000000e+00
   7.6957684000000004e-01   1.1804231000000001e+00
   7.6419733000000001e-01   1.1891973000000000e+00
   7.6957684000000004e-01   1.1804231000000001e+00
   7.5729022999999995e-01   1.2000000000000000e+00
   7.6419733000000001e-01   1.1891973000000000e+00
   7.7499998000000003e-01   1.1712446999999999e+00
   7.7367900999999994e-01   1.1736789999999999e+00
   7.7293491000000003e-01   1.1750000000000000e+00
   7.7367900999999994e-01   1.1736789999999999e+00
   7.7499998000000003e-01   1.1712446999999999e+00
   7.8233379000000003e-01   1.1573338000000000e+00
   7.8601798000000000e-01   1.1499999999999999e+00
   7.8233379000000003e-01   1.1573338000000000e+00
   7.5729022999999995e-01   1.2000000000000000e+00
   7.5433483000000001e-01   1.2043348000000000e+00
   7.5000000000000000e-01   1.2105448000000001e+00
   7.5433483000000001e-01   1.2043348000000000e+00
   2.0037695999999999e-01   6.7500000999999998e-01
   2.0018996999999999e-01   6.7481004000000000e-01
   2.0000000000000001e-01   6.7471495999999997e-01
   2.0018996999999999e-01   6.7481004000000000e-01
   2.3342341999999999e-01   6.7500000999999998e-01
   2.3494016000000001e-01   6.6505983000000002e-01
   2.3581777000000001e-01   6.6081776000000003e-01
   2.3494016000000001e-01   6.6505983000000002e-01
   2.3726963000000001e-01   6.4999998000000003e-01
   2.3581777000000001e-01   6.6081776000000003e-01
   2.2499999000000001e-01   6.8327221999999999e-01
   2.2957871999999999e-01   6.7957873999999996e-01
   2.3342341999999999e-01   6.7500000999999998e-01
   2.2957871999999999e-01   6.7957873999999996e-01
   8.1012172000000005e-01   6.4999998000000003e-01
   8.0747130000000000e-01   6.5747129000000004e-01
   8.0000000999999998e-01   6.7471486000000003e-01
   8.0747130000000000e-01   6.5747129000000004e-01
   2.1253918999999999e-01   8.5000001999999997e-01
   2.0920475999999999e-01   8.5920478000000000e-01
   2.0365732000000000e-01   8.7500000000000000e-01
   2.0567241999999999e-01   8.6932757999999999e-01
   2.0920475999999999e-01   8.5920478000000000e-01
   2.0567241999999999e-01   8.6932757999999999e-01
   8.2499999000000002e-01   8.5535391000000005e-01
   8.1285576000000004e-01   8.6285577000000002e-01
   8.0405550999999997e-01   8.7500000000000000e-01
   8.1285576000000004e-01   8.6285577000000002e-01
   8.2499999000000002e-01   8.5535391000000005e-01
   8.2773748000000003e-01   8.5273750999999998e-01
   8.2946801000000003e-01   8.5000001999999997e-01
   8.2773748000000003e-01   8.5273750999999998e-01
   4.5636139999999997e-01   1.0000000000000000e+00
   4.7465774999999999e-01   1.0003422000000000e+00
   4.7499998999999998e-01   1.0003485999999999e+00
   4.7465774999999999e-01   1.0003422000000000e+00
   8.1909458000000002e-01   1.0500000000000000e+00
   8.1726447999999996e-01   1.0577354999999999e+00
   8.1548407000000001e-01   1.0654840999999999e+00
   8.1726447999999996e-01   1.0577354999999999e+00
   8.1319222000000002e-01   1.0750000000000000e+00
   8.1548407000000001e-01   1.0654840999999999e+00
   2.8205890000000000e-01   1.2500000000000000e+00
   2.7865258999999998e-01   1.2463474000000001e+00
   2.7500001000000002e-01   1.2422491000000000e+00
   2.7865258999999998e-01   1.2463474000000001e+00
   2.6060567000000001e-01   1.2250000000000001e+00
   2.6708368999999998e-01   1.2329163000000001e+00
   2.7500001000000002e-01   1.2422491000000000e+00
   2.6708368999999998e-01   1.2329163000000001e+00
   2.6060567000000001e-01   1.2250000000000001e+00
   2.5605548000000000e-01   1.2189445000000001e+00
   2.5000000000000000e-01   1.2105448000000001e+00
   2.5605548000000000e-01   1.2189445000000001e+00
   3.0000000999999998e-01   1.2675110000000001e+00
   2.9103263000000001e-01   1.2589674000000000e+00
   2.8205890000000000e-01   1.2500000000000000e+00
   2.9103263000000001e-01   1.2589674000000000e+00
   6.7500000999999998e-01   1.2882167000000000e+00
   6.6816025999999995e-01   1.2931603000000000e+00
   6.5820407000000003e-01   1.3000000000000000e+00
   6.6816025999999995e-01   1.2931603000000000e+00
   6.9999999000000002e-01   1.2675110000000001e+00
   6.9603154000000000e-01   1.2710315000000001e+00
   6.9138074000000005e-01   1.2749999999999999e+00
   6.9603154000000000e-01   1.2710315000000001e+00
   2.0000000000000001e-01   6.7471495999999997e-01
   1.9252869000000000e-01   6.5747129999999998e-01
   1.8987826999999999e-01   6.4999998000000003e-01
   1.9252869000000000e-01   6.5747129999999998e-01
   7.6657657000000001e-01   6.7500000999999998e-01
   7.7042126000000000e-01   6.7957873000000002e-01
   7.7499998000000003e-01   6.8327220000000000e-01
   7.7042126000000000e-01   6.7957873000000002e-01
   7.6273033999999995e-01   6.4999998000000003e-01
   7.6418220999999997e-01   6.6081776999999997e-01
   7.6505983000000000e-01   6.6505983999999996e-01
   7.6418220999999997e-01   6.6081776999999997e-01
   7.6657657000000001e-01   6.7500000999999998e-01
   7.6505983000000000e-01   6.6505983999999996e-01
   8.0000000999999998e-01   6.7471486000000003e-01
   7.9980996999999998e-01   6.7480996999999998e-01
   7.9962292000000001e-01   6.7500000999999998e-01
   7.9980996999999998e-01   6.7480996999999998e-01
   1.7053198999999999e-01   8.5000001999999997e-01
   1.7226251000000001e-01   8.5273750999999998e-01
   1.7499999999999999e-01   8.5535391000000005e-01
   1.7226251000000001e-01   8.5273750999999998e-01
   1.9594449000000000e-01   8.7500000000000000e-01
   1.8714423999999999e-01   8.6285577000000002e-01
   1.7499999999999999e-01   8.5535391000000005e-01
   1.8714423999999999e-01   8.6285577000000002e-01
   1.8389479000000000e-01   9.4999999000000002e-01
   1.8707915999999999e-01   9.3792083999999998e-01
   1.8726792000000000e-01   9.3726792000000003e-01
   1.8707915999999999e-01   9.3792083999999998e-01
   1.9028571000000000e-01   9.2500000999999998e-01
   1.8726792000000000e-01   9.3726792000000003e-01
   3.3180629000000000e-01   9.9319369999999996e-01
   3.4432670999999998e-01   9.9432673000000005e-01
   3.2499999000000002e-01   9.9257010000000001e-01
   3.3180629000000000e-01   9.9319369999999996e-01
   3.4999998999999998e-01   9.9484545000000002e-01
   3.4432670999999998e-01   9.9432673000000005e-01
   2.1059243000000000e-01   9.3559243999999997e-01
   2.1119657999999999e-01   9.3880341000000000e-01
   2.0889668000000000e-01   9.2500000999999998e-01
   2.1059243000000000e-01   9.3559243999999997e-01
   2.1287315000000001e-01   9.4999999000000002e-01
   2.1119657999999999e-01   9.3880341000000000e-01
   2.5000000000000000e-01   9.8275217999999998e-01
   2.5892620000000000e-01   9.8392621000000002e-01
   2.6523257000000000e-01   9.8476744999999999e-01
   2.5892620000000000e-01   9.8392621000000002e-01
   2.7500001000000002e-01   9.8604661000000005e-01
   2.6523257000000000e-01   9.8476744999999999e-01
   5.4363852000000001e-01   1.0000000000000000e+00
   5.4988318000000003e-01   9.9988317000000004e-01
   5.5000000999999998e-01   9.9988098000000003e-01
   5.4988318000000003e-01   9.9988317000000004e-01
   4.4999999000000002e-01   9.9988098999999997e-01
   4.5011680999999998e-01   9.9988317999999998e-01
   4.5636139999999997e-01   1.0000000000000000e+00
   4.5011680999999998e-01   9.9988317999999998e-01
   7.9432758999999997e-01   8.6932759000000004e-01
   7.9079524000000001e-01   8.5920476999999995e-01
   7.9634269000000002e-01   8.7500000000000000e-01
   7.9432758999999997e-01   8.6932759000000004e-01
   7.8746079999999996e-01   8.5000001999999997e-01
   7.9079524000000001e-01   8.5920476999999995e-01
   7.2500001999999997e-01   9.8604658999999995e-01
   7.3476744000000005e-01   9.8476744000000005e-01
   7.4107383000000004e-01   9.8392619000000003e-01
   7.3476744000000005e-01   9.8476744000000005e-01
   7.5000000000000000e-01   9.8275215999999999e-01
   7.4107383000000004e-01   9.8392619000000003e-01
   7.8712683000000006e-01   9.4999999000000002e-01
   7.8880340999999998e-01   9.3880341000000000e-01
   7.9110332000000005e-01   9.2500000999999998e-01
   7.8940756000000001e-01   9.3559243999999997e-01
   7.8880340999999998e-01   9.3880341000000000e-01
   7.8940756000000001e-01   9.3559243999999997e-01
   6.4999998000000003e-01   9.9484543999999997e-01
   6.5567326999999997e-01   9.9432672000000000e-01
   6.7500000999999998e-01   9.9257008999999996e-01
   6.6819368999999995e-01   9.9319369000000002e-01
   6.5567326999999997e-01   9.9432672000000000e-01
   6.6819368999999995e-01   9.9319369000000002e-01
   8.0971428999999995e-01   9.2500000999999998e-01
   8.1273207999999997e-01   9.3726792000000003e-01
   8.1292085000000003e-01   9.3792085000000003e-01
   8.1273207999999997e-01   9.3726792000000003e-01
   8.1610521000000003e-01   9.4999999000000002e-01
   8.1292085000000003e-01   9.3792085000000003e-01
   1.8680779000000000e-01   1.0750000000000000e+00
   1.8451592999999999e-01   1.0654840999999999e+00
   1.8273553000000001e-01   1.0577354999999999e+00
   1.8451592999999999e-01   1.0654840999999999e+00
   1.8090543000000001e-01   1.0500000000000000e+00
   1.8273553000000001e-01   1.0577354999999999e+00
   2.0566277999999999e-01   1.1306628000000001e+00
   2.0973373000000001e-01   1.1402663000000000e+00
   2.0323405999999999e-01   1.1250000000000000e+00
   2.0566277999999999e-01   1.1306628000000001e+00
   2.1398202000000000e-01   1.1499999999999999e+00
   2.0973373000000001e-01   1.1402663000000000e+00
   5.2499998000000003e-01   1.0003485999999999e+00
   5.2534221999999997e-01   1.0003422000000000e+00
   5.4363852000000001e-01   1.0000000000000000e+00
   5.2534221999999997e-01   1.0003422000000000e+00
   7.8601798000000000e-01   1.1499999999999999e+00
   7.9026627000000005e-01   1.1402663000000000e+00
   7.9676594999999995e-01   1.1250000000000000e+00
   7.9433723000000001e-01   1.1306628000000001e+00
   7.9026627000000005e-01   1.1402663000000000e+00
   7.9433723000000001e-01   1.1306628000000001e+00
   3.0861926000000001e-01   1.2749999999999999e+00
   3.0396846000000000e-01   1.2710315000000001e+00
   3.0000000999999998e-01   1.2675110000000001e+00
   3.0396846000000000e-01   1.2710315000000001e+00
   3.4179589999999999e-01   1.3000000000000000e+00
   3.3183973000000000e-01   1.2931603000000000e+00
   3.2499999000000002e-01   1.2882167000000000e+00
   3.3183973000000000e-01   1.2931603000000000e+00
   3.4999998999999998e-01   1.3053665999999999e+00
   3.4673007000000000e-01   1.3032699000000001e+00
   3.4179589999999999e-01   1.3000000000000000e+00
   3.4673007000000000e-01   1.3032699000000001e+00
   3.8745922999999999e-01   1.3250000000000000e+00
   3.9633094000000002e-01   1.3286690999999999e+00
   4.0000001000000002e-01   1.3301589000000000e+00
   3.9633094000000002e-01   1.3286690999999999e+00
   3.7500000000000000e-01   1.3196397000000000e+00
   3.6287338000000002e-01   1.3128734000000000e+00
   3.6239088000000003e-01   1.3126091000000000e+00
   3.6287338000000002e-01   1.3128734000000000e+00
   3.4999998999999998e-01   1.3053665999999999e+00
   3.6239088000000003e-01   1.3126091000000000e+00
   5.2657359000000004e-01   1.3484263999999999e+00
   5.4573959000000005e-01   1.3457395999999999e+00
   5.2499998000000003e-01   1.3486568999999999e+00
   5.2657359000000004e-01   1.3484263999999999e+00
   5.5000000999999998e-01   1.3451063999999999e+00
   5.4573959000000005e-01   1.3457395999999999e+00
   5.0000000000000000e-01   1.3499276000000000e+00
   5.0007639999999998e-01   1.3499235999999999e+00
   5.2499998000000003e-01   1.3486568999999999e+00
   5.2372425000000000e-01   1.3487243000000000e+00
   5.0007639999999998e-01   1.3499235999999999e+00
   5.2372425000000000e-01   1.3487243000000000e+00
   5.7499999000000002e-01   1.3390553999999999e+00
   5.8542234999999998e-01   1.3354223999999999e+00
   5.9197137000000000e-01   1.3330286000000000e+00
   5.8542234999999998e-01   1.3354223999999999e+00
   6.0000001999999997e-01   1.3301589000000000e+00
   5.9197137000000000e-01   1.3330286000000000e+00
   5.5000000999999998e-01   1.3451063999999999e+00
   5.5646845000000000e-01   1.3435315999999999e+00
   5.7499999000000002e-01   1.3390553999999999e+00
   5.6623840000000003e-01   1.3412383999999999e+00
   5.5646845000000000e-01   1.3435315999999999e+00
   5.6623840000000003e-01   1.3412383999999999e+00
   4.3376160000000002e-01   1.3412383999999999e+00
   4.4353155000000000e-01   1.3435315999999999e+00
   4.2500000999999998e-01   1.3390553999999999e+00
   4.3376160000000002e-01   1.3412383999999999e+00
   4.4999999000000002e-01   1.3451063999999999e+00
   4.4353155000000000e-01   1.3435315999999999e+00
   4.0000001000000002e-01   1.3301589000000000e+00
   4.0802864999999999e-01   1.3330286000000000e+00
   4.1457766000000001e-01   1.3354223999999999e+00
   4.0802864999999999e-01   1.3330286000000000e+00
   4.2500000999999998e-01   1.3390553999999999e+00
   4.1457766000000001e-01   1.3354223999999999e+00
   4.7627572000000001e-01   1.3487243000000000e+00
   4.9992360000000002e-01   1.3499235999999999e+00
   4.7499998999999998e-01   1.3486568999999999e+00
   4.7627572000000001e-01   1.3487243000000000e+00
   5.0000000000000000e-01   1.3499276000000000e+00
   4.9992360000000002e-01   1.3499235999999999e+00
   4.4999999000000002e-01   1.3451063999999999e+00
   4.5426041000000000e-01   1.3457395999999999e+00
   4.7499998999999998e-01   1.3486568999999999e+00
   4.7342637999999998e-01   1.3484263999999999e+00
   4.5426041000000000e-01   1.3457395999999999e+00
   4.7342637999999998e-01   1.3484263999999999e+00
   7.1794111999999999e-01   1.2500000000000000e+00
   7.0896738000000004e-01   1.2589674000000000e+00
   6.9999999000000002e-01   1.2675110000000001e+00
   7.0896738000000004e-01   1.2589674000000000e+00
   7.5000000000000000e-01   1.2105448000000001e+00
   7.4394453000000005e-01   1.2189445000000001e+00
   7.3939434000000004e-01   1.2250000000000001e+00
   7.4394453000000005e-01   1.2189445000000001e+00
   7.2500001999999997e-01   1.2422491000000000e+00
   7.3291633000000000e-01   1.2329163000000001e+00
   7.3939434000000004e-01   1.2250000000000001e+00
   7.3291633000000000e-01   1.2329163000000001e+00
   7.2500001999999997e-01   1.2422491000000000e+00
   7.2134743000000001e-01   1.2463474000000001e+00
   7.1794111999999999e-01   1.2500000000000000e+00
   7.2134743000000001e-01   1.2463474000000001e+00
   6.4999998000000003e-01   1.3053665999999999e+00
   6.3760910000000004e-01   1.3126091000000000e+00
   6.3712661000000004e-01   1.3128734000000000e+00
   6.3760910000000004e-01   1.3126091000000000e+00
   6.2500000000000000e-01   1.3196397000000000e+00
   6.3712661000000004e-01   1.3128734000000000e+00
   6.0000001999999997e-01   1.3301589000000000e+00
   6.0366907999999997e-01   1.3286690999999999e+00
   6.1254078999999995e-01   1.3250000000000000e+00
   6.0366907999999997e-01   1.3286690999999999e+00
   6.5820407000000003e-01   1.3000000000000000e+00
   6.5326989999999996e-01   1.3032699000000001e+00
   6.4999998000000003e-01   1.3053665999999999e+00
   6.5326989999999996e-01   1.3032699000000001e+00
