   2.0067760000000001e-01   6.0000001999999997e-01
   2.0065643000000000e-01   6.0065645000000001e-01
   2.0000000000000001e-01   6.0973027999999996e-01
   2.0065643000000000e-01   6.0065645000000001e-01
   8.0020826000000000e-01   6.1250000999999998e-01
   8.0019344999999997e-01   6.1230656999999999e-01
   8.0000000999999998e-01   6.0972985000000002e-01
   8.0019344999999997e-01   6.1230656999999999e-01
   1.9727528999999999e-01   5.8749998000000003e-01
   1.9786137000000001e-01   5.8963860999999995e-01
   2.0000000000000001e-01   5.9736869000000004e-01
   1.9786137000000001e-01   5.8963860999999995e-01
   2.0000000000000001e-01   5.9736869000000004e-01
   2.0067997000000001e-01   5.9932004999999999e-01
   2.0067760000000001e-01   6.0000001999999997e-01
   2.0067997000000001e-01   5.9932004999999999e-01
   7.9932241999999998e-01   6.0000001999999997e-01
   7.9932006000000000e-01   5.9932006000000004e-01
   8.0000000999999998e-01   5.9736873000000001e-01
   7.9932006000000000e-01   5.9932006000000004e-01
   8.0000000999999998e-01   5.9736873000000001e-01
   8.0213862999999996e-01   5.8963860999999995e-01
   8.0272471000000001e-01   5.8749998000000003e-01
   8.0213862999999996e-01   5.8963860999999995e-01
   2.0000000000000001e-01   6.0973027999999996e-01
   1.9980659000000001e-01   6.1230660000000003e-01
   1.9979179000000000e-01   6.1250000999999998e-01
   1.9980659000000001e-01   6.1230660000000003e-01
   8.0000000999999998e-01   6.0972985000000002e-01
   7.9934358999999999e-01   6.0065643999999996e-01
   7.9932241999999998e-01   6.0000001999999997e-01
   7.9934358999999999e-01   6.0065643999999996e-01
   3.9001658000000000e-01   9.9748340999999996e-01
   3.9799855000000001e-01   9.9799853999999999e-01
   3.8749999000000002e-01   9.9732030000000005e-01
   3.9001658000000000e-01   9.9748340999999996e-01
   4.0000001000000002e-01   9.9812820000000002e-01
   3.9799855000000001e-01   9.9799853999999999e-01
   5.8873308999999996e-01   9.9876690000000001e-01
   5.9822896000000003e-01   9.9822895000000000e-01
   5.8749998000000003e-01   9.9883701000000003e-01
   5.8873308999999996e-01   9.9876690000000001e-01
   6.0000001999999997e-01   9.9812820000000002e-01
   5.9822896000000003e-01   9.9822895000000000e-01
   4.0000001000000002e-01   9.9812820000000002e-01
   4.0177106000000001e-01   9.9822895000000000e-01
   4.1249998999999998e-01   9.9883701000000003e-01
   4.1126689000000000e-01   9.9876690000000001e-01
   4.0177106000000001e-01   9.9822895000000000e-01
   4.1126689000000000e-01   9.9876690000000001e-01
   6.0000001999999997e-01   9.9812820000000002e-01
   6.0200147999999998e-01   9.9799853999999999e-01
   6.1250000999999998e-01   9.9732030000000005e-01
   6.0998342000000005e-01   9.9748340999999996e-01
   6.0200147999999998e-01   9.9799853999999999e-01
   6.0998342000000005e-01   9.9748340999999996e-01
   8.1250000000000000e-01   8.8915520000000003e-01
   8.0997043000000002e-01   8.9747041000000005e-01
   8.0920899000000002e-01   8.9999998000000003e-01
   8.0997043000000002e-01   8.9747041000000005e-01
   5.0000000000000000e-01   1.0011536999999999e+00
   4.9885056000000000e-01   1.0011494000000001e+00
   4.8750000999999998e-01   1.0011072000000001e+00
   4.8861135000000000e-01   1.0011113000000000e+00
   4.9885056000000000e-01   1.0011494000000001e+00
   4.8861135000000000e-01   1.0011113000000000e+00
   8.1250000000000000e-01   1.0995879000000000e+00
   8.1240142000000004e-01   1.0999014000000000e+00
   8.1237015000000001e-01   1.1000000000000001e+00
   8.1240142000000004e-01   1.0999014000000000e+00
   6.8750000000000000e-01   1.2893611000000000e+00
   6.8853293999999998e-01   1.2885329000000001e+00
   6.8979782000000001e-01   1.2875000000000001e+00
   6.8853293999999998e-01   1.2885329000000001e+00
   1.9079101000000001e-01   8.9999998000000003e-01
   1.9002957000000001e-01   8.9747041000000005e-01
   1.8750000000000000e-01   8.8915518000000004e-01
   1.9002957000000001e-01   8.9747041000000005e-01
   1.8980535000000001e-01   9.1250001999999997e-01
   1.9002458999999999e-01   9.0997541999999998e-01
   1.9051962000000000e-01   9.0301960000000003e-01
   1.9002458999999999e-01   9.0997541999999998e-01
   1.9079101000000001e-01   8.9999998000000003e-01
   1.9051962000000000e-01   9.0301960000000003e-01
   3.0000000999999998e-01   9.8782764999999995e-01
   3.0038766000000000e-01   9.8788765999999995e-01
   3.1052678000000000e-01   9.8947322999999998e-01
   3.0038766000000000e-01   9.8788765999999995e-01
   3.1250000000000000e-01   9.8977751999999997e-01
   3.1052678000000000e-01   9.8947322999999998e-01
   2.9818631000000001e-01   9.8750000999999998e-01
   2.9972229000000000e-01   9.8777771999999997e-01
   3.0000000999999998e-01   9.8782764999999995e-01
   2.9972229000000000e-01   9.8777771999999997e-01
   6.9999999000000002e-01   9.8782766000000000e-01
   7.0027771999999999e-01   9.8777773999999996e-01
   7.0181375999999995e-01   9.8750000999999998e-01
   7.0027771999999999e-01   9.8777773999999996e-01
   6.8750000000000000e-01   9.8977753000000002e-01
   6.8947323000000005e-01   9.8947324000000003e-01
   6.9961233000000000e-01   9.8788767000000000e-01
   6.8947323000000005e-01   9.8947324000000003e-01
   6.9999999000000002e-01   9.8782766000000000e-01
   6.9961233000000000e-01   9.8788767000000000e-01
   8.0920899000000002e-01   8.9999998000000003e-01
   8.0948039000000005e-01   9.0301960999999997e-01
   8.0997540999999995e-01   9.0997541999999998e-01
   8.0948039000000005e-01   9.0301960999999997e-01
   8.1019465999999996e-01   9.1250001999999997e-01
   8.0997540999999995e-01   9.0997541999999998e-01
   1.8762986000000001e-01   1.1000000000000001e+00
   1.8759859000000001e-01   1.0999014000000000e+00
   1.8750000000000000e-01   1.0995879000000000e+00
   1.8759859000000001e-01   1.0999014000000000e+00
   1.9168328000000001e-01   1.1125000000000000e+00
   1.9064877999999999e-01   1.1093512000000001e+00
   1.8769258000000000e-01   1.1001926000000000e+00
   1.9064877999999999e-01   1.1093512000000001e+00
   1.8762986000000001e-01   1.1000000000000001e+00
   1.8769258000000000e-01   1.1001926000000000e+00
   5.1138865000000000e-01   1.0011113000000000e+00
   5.0114943999999995e-01   1.0011494000000001e+00
   5.1249999000000002e-01   1.0011072000000001e+00
   5.1138865000000000e-01   1.0011113000000000e+00
   5.0000000000000000e-01   1.0011536999999999e+00
   5.0114943999999995e-01   1.0011494000000001e+00
   8.1237015000000001e-01   1.1000000000000001e+00
   8.1230742000000000e-01   1.1001926000000000e+00
   8.0935122000000004e-01   1.1093512000000001e+00
   8.1230742000000000e-01   1.1001926000000000e+00
   8.0831673000000004e-01   1.1125000000000000e+00
   8.0935122000000004e-01   1.1093512000000001e+00
   3.1020217999999999e-01   1.2875000000000001e+00
   3.1146706000000002e-01   1.2885329000000001e+00
   3.1250000000000000e-01   1.2893611000000000e+00
   3.1146706000000002e-01   1.2885329000000001e+00
   2.3898293000000001e-01   6.4999998000000003e-01
   2.3938915999999999e-01   6.4811081999999998e-01
   2.4111753000000000e-01   6.4111752000000000e-01
   2.3938915999999999e-01   6.4811081999999998e-01
   2.4183426999999999e-01   6.3749999000000002e-01
   2.4111753000000000e-01   6.4111752000000000e-01
   2.0765331000000001e-01   6.3749999000000002e-01
   2.0935891000000001e-01   6.4064109000000002e-01
   2.1250000999999999e-01   6.4586900999999997e-01
   2.0935891000000001e-01   6.4064109000000002e-01
   4.4999999000000002e-01   1.0003952000000000e+00
   4.4961777000000003e-01   1.0003822000000000e+00
   4.3841564999999999e-01   1.0000000000000000e+00
   4.4961777000000003e-01   1.0003822000000000e+00
   2.4142701999999999e-01   1.2124999999999999e+00
   2.3986067000000000e-01   1.2101393000000000e+00
   2.3749999999999999e-01   1.2065260000000000e+00
   2.3986067000000000e-01   1.2101393000000000e+00
   7.8750001999999997e-01   6.4586916000000005e-01
   7.9064117000000000e-01   6.4064114000000005e-01
   7.9234678000000003e-01   6.3749999000000002e-01
   7.9064117000000000e-01   6.4064114000000005e-01
   7.5816572999999998e-01   6.3749999000000002e-01
   7.5888244999999999e-01   6.4111753000000005e-01
   7.6061080000000003e-01   6.4811079000000005e-01
   7.5888244999999999e-01   6.4111753000000005e-01
   7.6101702999999998e-01   6.4999998000000003e-01
   7.6061080000000003e-01   6.4811079000000005e-01
   2.0000000000000001e-01   9.5196420999999998e-01
   1.9884356000000000e-01   9.5115643000000005e-01
   1.9806225999999999e-01   9.4999999000000002e-01
   1.9884356000000000e-01   9.5115643000000005e-01
   3.4999998999999998e-01   9.9423022999999999e-01
   3.5528265999999997e-01   9.9471734000000001e-01
   3.6250000999999998e-01   9.9538123000000001e-01
   3.5741258999999997e-01   9.9491258999999999e-01
   3.5528265999999997e-01   9.9471734000000001e-01
   3.5741258999999997e-01   9.9491258999999999e-01
   2.0643828000000000e-01   9.5606170999999995e-01
   2.0538221000000001e-01   9.5538219000000002e-01
   2.1250000999999999e-01   9.5973828000000005e-01
   2.0643828000000000e-01   9.5606170999999995e-01
   2.0000000000000001e-01   9.5196420999999998e-01
   2.0538221000000001e-01   9.5538219000000002e-01
   5.6250000000000000e-01   9.9996874999999996e-01
   5.6246978000000003e-01   9.9996978000000003e-01
   5.6158430999999998e-01   1.0000000000000000e+00
   5.6246978000000003e-01   9.9996978000000003e-01
   4.3841564999999999e-01   1.0000000000000000e+00
   4.3753022000000003e-01   9.9996978000000003e-01
   4.3750000000000000e-01   9.9996874999999996e-01
   4.3753022000000003e-01   9.9996978000000003e-01
   8.0000000999999998e-01   9.5196424999999996e-01
   7.9461767000000005e-01   9.5538232999999995e-01
   7.8750001999999997e-01   9.5973832000000003e-01
   7.9356177000000006e-01   9.5606173999999999e-01
   7.9461767000000005e-01   9.5538232999999995e-01
   7.9356177000000006e-01   9.5606173999999999e-01
   6.4258740000000003e-01   9.9491258999999999e-01
   6.4471732999999998e-01   9.9471734999999994e-01
   6.3749999000000002e-01   9.9538123000000001e-01
   6.4258740000000003e-01   9.9491258999999999e-01
   6.4999998000000003e-01   9.9423024000000004e-01
   6.4471732999999998e-01   9.9471734999999994e-01
   8.0193778999999998e-01   9.4999999000000002e-01
   8.0115647000000001e-01   9.5115645000000004e-01
   8.0000000999999998e-01   9.5196424999999996e-01
   8.0115647000000001e-01   9.5115645000000004e-01
   2.0646759000000001e-01   1.1499999999999999e+00
   2.0839584000000000e-01   1.1541041999999999e+00
   2.1238514000000000e-01   1.1623851000000001e+00
   2.0839584000000000e-01   1.1541041999999999e+00
   2.1243999000000000e-01   1.1625000000000001e+00
   2.1238514000000000e-01   1.1623851000000001e+00
   5.6158430999999998e-01   1.0000000000000000e+00
   5.5038222999999997e-01   1.0003822000000000e+00
   5.5000000999999998e-01   1.0003952000000000e+00
   5.5038222999999997e-01   1.0003822000000000e+00
   7.8756004999999996e-01   1.1625000000000001e+00
   7.8761490000000001e-01   1.1623851000000001e+00
   7.9160419000000004e-01   1.1541041999999999e+00
   7.8761490000000001e-01   1.1623851000000001e+00
   7.9353242999999996e-01   1.1499999999999999e+00
   7.9160419000000004e-01   1.1541041999999999e+00
   5.6189168000000000e-01   1.3506083000000000e+00
   5.5255761000000003e-01   1.3525575999999999e+00
   5.6250000000000000e-01   1.3504833999999999e+00
   5.6189168000000000e-01   1.3506083000000000e+00
   5.5000000999999998e-01   1.3530781999999999e+00
   5.5255761000000003e-01   1.3525575999999999e+00
   4.4999999000000002e-01   1.3530781999999999e+00
   4.4744239000000002e-01   1.3525575999999999e+00
   4.3750000000000000e-01   1.3504833999999999e+00
   4.3810832000000000e-01   1.3506083000000000e+00
   4.4744239000000002e-01   1.3525575999999999e+00
   4.3810832000000000e-01   1.3506083000000000e+00
   7.6249999000000002e-01   1.2065260000000000e+00
   7.6013933000000000e-01   1.2101393000000000e+00
   7.5857297999999995e-01   1.2124999999999999e+00
   7.6013933000000000e-01   1.2101393000000000e+00
   2.3749999999999999e-01   6.5170037000000003e-01
   2.3835854000000001e-01   6.5085853000000005e-01
   2.3898293000000001e-01   6.4999998000000003e-01
   2.3835854000000001e-01   6.5085853000000005e-01
   4.6179155000000000e-01   1.0007085000000000e+00
   4.5040596999999999e-01   1.0004059999999999e+00
   4.6250001000000002e-01   1.0007272000000000e+00
   4.6179155000000000e-01   1.0007085000000000e+00
   4.4999999000000002e-01   1.0003952000000000e+00
   4.5040596999999999e-01   1.0004059999999999e+00
   2.6023322999999998e-01   1.2375000000000000e+00
   2.6125470000000001e-01   1.2387452999999999e+00
   2.6249999000000002e-01   1.2402359999999999e+00
   2.6125470000000001e-01   1.2387452999999999e+00
   7.6101702999999998e-01   6.4999998000000003e-01
   7.6164142999999995e-01   6.5085855000000004e-01
   7.6249999000000002e-01   6.5170041000000001e-01
   7.6164142999999995e-01   6.5085855000000004e-01
   1.9806225999999999e-01   9.4999999000000002e-01
   1.9644126000000001e-01   9.4644125000000001e-01
   1.9256243000000001e-01   9.3750000000000000e-01
   1.9465526000000000e-01   9.4284473999999996e-01
   1.9644126000000001e-01   9.4644125000000001e-01
   1.9465526000000000e-01   9.4284473999999996e-01
   3.3750001000000002e-01   9.9293284000000004e-01
   3.4356235000000002e-01   9.9356235999999998e-01
   3.4390216000000001e-01   9.9359783999999995e-01
   3.4356235000000002e-01   9.9356235999999998e-01
   3.4999998999999998e-01   9.9423022999999999e-01
   3.4390216000000001e-01   9.9359783999999995e-01
   6.4999998000000003e-01   9.9423024000000004e-01
   6.5609784000000004e-01   9.9359785000000000e-01
   6.5643764000000004e-01   9.9356237000000003e-01
   6.5609784000000004e-01   9.9359785000000000e-01
   6.6250001999999997e-01   9.9293284000000004e-01
   6.5643764000000004e-01   9.9356237000000003e-01
   8.0534475999999999e-01   9.4284475000000001e-01
   8.0355880999999996e-01   9.4644119000000004e-01
   8.0743757999999999e-01   9.3750000000000000e-01
   8.0534475999999999e-01   9.4284475000000001e-01
   8.0193778999999998e-01   9.4999999000000002e-01
   8.0355880999999996e-01   9.4644119000000004e-01
   2.0201922000000000e-01   1.1395192000000001e+00
   2.0452233000000000e-01   1.1454777000000000e+00
   2.0116279000000001e-01   1.1375000000000000e+00
   2.0201922000000000e-01   1.1395192000000001e+00
   2.0646759000000001e-01   1.1499999999999999e+00
   2.0452233000000000e-01   1.1454777000000000e+00
   5.5000000999999998e-01   1.0003952000000000e+00
   5.4959402999999996e-01   1.0004059999999999e+00
   5.3750001999999997e-01   1.0007272000000000e+00
   5.3820847999999999e-01   1.0007085000000000e+00
   5.4959402999999996e-01   1.0004059999999999e+00
   5.3820847999999999e-01   1.0007085000000000e+00
   7.9353242999999996e-01   1.1499999999999999e+00
   7.9547769000000002e-01   1.1454777000000000e+00
   7.9883722999999995e-01   1.1375000000000000e+00
   7.9798080000000005e-01   1.1395192000000001e+00
   7.9547769000000002e-01   1.1454777000000000e+00
   7.9798080000000005e-01   1.1395192000000001e+00
   3.4533793000000002e-01   1.3125000000000000e+00
   3.4050962000000001e-01   1.3094904000000001e+00
   3.3750001000000002e-01   1.3075642999999999e+00
   3.4050962000000001e-01   1.3094904000000001e+00
   3.9555671999999997e-01   1.3374999999999999e+00
   3.9875527000000000e-01   1.3387446999999999e+00
   4.0000001000000002e-01   1.3392236000000000e+00
   3.9875527000000000e-01   1.3387446999999999e+00
   5.1249999000000002e-01   1.3573671000000000e+00
   5.0749029000000001e-01   1.3574903000000000e+00
   5.0494848000000003e-01   1.3575515000000000e+00
   5.0749029000000001e-01   1.3574903000000000e+00
   5.0000000000000000e-01   1.3576731000000000e+00
   5.0494848000000003e-01   1.3575515000000000e+00
   5.5000000999999998e-01   1.3530781999999999e+00
   5.4633275999999997e-01   1.3536672999999999e+00
   5.3750001999999997e-01   1.3550937000000001e+00
   5.4189282999999999e-01   1.3543928000000001e+00
   5.4633275999999997e-01   1.3536672999999999e+00
   5.4189282999999999e-01   1.3543928000000001e+00
   5.8749998000000003e-01   1.3436395000000001e+00
   5.9205337999999996e-01   1.3420534000000000e+00
   5.9733546000000004e-01   1.3401646000000000e+00
   5.9205337999999996e-01   1.3420534000000000e+00
   6.0000001999999997e-01   1.3392236000000000e+00
   5.9733546000000004e-01   1.3401646000000000e+00
   4.0000001000000002e-01   1.3392236000000000e+00
   4.0266456000000000e-01   1.3401646000000000e+00
   4.0794660999999999e-01   1.3420534000000000e+00
   4.0266456000000000e-01   1.3401646000000000e+00
   4.1249998999999998e-01   1.3436395000000001e+00
   4.0794660999999999e-01   1.3420534000000000e+00
   4.5810719000000000e-01   1.3543928000000001e+00
   4.5366725000000002e-01   1.3536672999999999e+00
   4.6250001000000002e-01   1.3550937000000001e+00
   4.5810719000000000e-01   1.3543928000000001e+00
   4.4999999000000002e-01   1.3530781999999999e+00
   4.5366725000000002e-01   1.3536672999999999e+00
   5.0000000000000000e-01   1.3576731000000000e+00
   4.9505152000000002e-01   1.3575515000000000e+00
   4.9250970999999999e-01   1.3574903000000000e+00
   4.9505152000000002e-01   1.3575515000000000e+00
   4.8750000999999998e-01   1.3573670000000000e+00
   4.9250970999999999e-01   1.3574903000000000e+00
   7.3750000999999998e-01   1.2402359999999999e+00
   7.3874530000000005e-01   1.2387452999999999e+00
   7.3976677999999996e-01   1.2375000000000000e+00
   7.3874530000000005e-01   1.2387452999999999e+00
   6.0000001999999997e-01   1.3392236000000000e+00
   6.0124476000000004e-01   1.3387446999999999e+00
   6.0444330999999996e-01   1.3374999999999999e+00
   6.0124476000000004e-01   1.3387446999999999e+00
   6.6250001999999997e-01   1.3075642999999999e+00
   6.5949040000000003e-01   1.3094904000000001e+00
   6.5466206999999998e-01   1.3125000000000000e+00
   6.5949040000000003e-01   1.3094904000000001e+00
   2.0000000000000001e-01   6.1326924999999999e-01
   2.0253044000000001e-01   6.2246955999999998e-01
   2.0327508999999999e-01   6.2500000000000000e-01
   2.0253044000000001e-01   6.2246955999999998e-01
   8.0000000999999998e-01   6.1326937999999998e-01
   8.0016496000000004e-01   6.1266496000000004e-01
   8.0020826000000000e-01   6.1250000999999998e-01
   8.0016496000000004e-01   6.1266496000000004e-01
   2.0000000000000001e-01   5.8396568999999998e-01
   1.9831330999999999e-01   5.8581329000000004e-01
   1.9727528999999999e-01   5.8749998000000003e-01
   1.9831330999999999e-01   5.8581329000000004e-01
   2.0639840000000001e-01   5.8110158999999995e-01
   2.0615247000000000e-01   5.8115245000000004e-01
   2.1250000999999999e-01   5.7912996000000005e-01
   2.0639840000000001e-01   5.8110158999999995e-01
   2.0000000000000001e-01   5.8396568999999998e-01
   2.0615247000000000e-01   5.8115245000000004e-01
   2.2212925000000000e-01   5.8749998000000003e-01
   2.1743535999999999e-01   5.8256461999999998e-01
   2.1250000999999999e-01   5.7912996000000005e-01
   2.1743535999999999e-01   5.8256461999999998e-01
   2.2212925000000000e-01   5.8749998000000003e-01
   2.2294116000000000e-01   5.8955882000000004e-01
   2.2499999000000001e-01   5.9336255000000004e-01
   2.2294116000000000e-01   5.8955882000000004e-01
   7.7499998000000003e-01   5.9336266999999998e-01
   7.7705884999999997e-01   5.8955884999999997e-01
   7.7787075999999999e-01   5.8749998000000003e-01
   7.7705884999999997e-01   5.8955884999999997e-01
   7.8750001999999997e-01   5.7912998000000004e-01
   7.8256464999999997e-01   5.8256463000000003e-01
   7.7787075999999999e-01   5.8749998000000003e-01
   7.8256464999999997e-01   5.8256463000000003e-01
   8.0000000999999998e-01   5.8396570999999997e-01
   7.9384754000000002e-01   5.8115245999999998e-01
   7.8750001999999997e-01   5.7912998000000004e-01
   7.9360164000000000e-01   5.8110161000000005e-01
   7.9384754000000002e-01   5.8115245999999998e-01
   7.9360164000000000e-01   5.8110161000000005e-01
   8.0272471000000001e-01   5.8749998000000003e-01
   8.0168669000000004e-01   5.8581329999999998e-01
   8.0000000999999998e-01   5.8396570999999997e-01
   8.0168669000000004e-01   5.8581329999999998e-01
   1.9979179000000000e-01   6.1250000999999998e-01
   1.9983508000000000e-01   6.1266493000000000e-01
   2.0000000000000001e-01   6.1326924999999999e-01
   1.9983508000000000e-01   6.1266493000000000e-01
   7.9672496999999998e-01   6.2500000000000000e-01
   7.9746961000000005e-01   6.2246959999999996e-01
   8.0000000999999998e-01   6.1326937999999998e-01
   7.9746961000000005e-01   6.2246959999999996e-01
   3.7500000000000000e-01   9.9640773000000005e-01
   3.7834729000000000e-01   9.9665271000000000e-01
   3.8749999000000002e-01   9.9732030000000005e-01
   3.8460882000000002e-01   9.9710882999999995e-01
   3.7834729000000000e-01   9.9665271000000000e-01
   3.8460882000000002e-01   9.9710882999999995e-01
   5.7499999000000002e-01   9.9945006000000003e-01
   5.7557839000000000e-01   9.9942160000000002e-01
   5.8749998000000003e-01   9.9883701000000003e-01
   5.8639154000000004e-01   9.9889156000000001e-01
   5.7557839000000000e-01   9.9942160000000002e-01
   5.8639154000000004e-01   9.9889156000000001e-01
   4.1360843000000003e-01   9.9889156000000001e-01
   4.2442161000000000e-01   9.9942160000000002e-01
   4.1249998999999998e-01   9.9883701000000003e-01
   4.1360843000000003e-01   9.9889156000000001e-01
   4.2500000999999998e-01   9.9945006000000003e-01
   4.2442161000000000e-01   9.9942160000000002e-01
   6.1539116999999999e-01   9.9710884000000000e-01
   6.2165271000000000e-01   9.9665271000000000e-01
   6.1250000999999998e-01   9.9732030000000005e-01
   6.1539116999999999e-01   9.9710884000000000e-01
   6.2500000000000000e-01   9.9640773000000005e-01
   6.2165271000000000e-01   9.9665271000000000e-01
   2.2499999000000001e-01   1.1863573000000001e+00
   2.2091735000000001e-01   1.1790826000000001e+00
   2.1868602000000001e-01   1.1750000000000000e+00
   2.2091735000000001e-01   1.1790826000000001e+00
   7.8131399000000001e-01   1.1750000000000000e+00
   7.7908264999999999e-01   1.1790826999999999e+00
   7.7499998000000003e-01   1.1863573000000001e+00
   7.7908264999999999e-01   1.1790826999999999e+00
   8.1566841999999995e-01   8.9999998000000003e-01
   8.1499045000000003e-01   8.9750953000000000e-01
   8.1250000000000000e-01   8.8915520000000003e-01
   8.1499045000000003e-01   8.9750953000000000e-01
   4.8640523000000002e-01   1.0010948000000000e+00
   4.7597573999999998e-01   1.0009756999999999e+00
   4.8750000999999998e-01   1.0011072000000001e+00
   4.8640523000000002e-01   1.0010948000000000e+00
   4.7499998999999998e-01   1.0009646999999999e+00
   4.7597573999999998e-01   1.0009756999999999e+00
   8.1626304000000005e-01   1.0874999999999999e+00
   8.1759194999999996e-01   1.0824080000000000e+00
   8.1807432000000002e-01   1.0805743000000001e+00
   8.1759194999999996e-01   1.0824080000000000e+00
   8.1952097999999995e-01   1.0750000000000000e+00
   8.1807432000000002e-01   1.0805743000000001e+00
   8.1250000000000000e-01   1.0995879000000000e+00
   8.1538184999999996e-01   1.0903818999999999e+00
   8.1626304000000005e-01   1.0874999999999999e+00
   8.1538184999999996e-01   1.0903818999999999e+00
   3.0000000999999998e-01   1.2788493999999999e+00
   2.9796609000000002e-01   1.2770338999999999e+00
   2.9571984000000001e-01   1.2749999999999999e+00
   2.9796609000000002e-01   1.2770338999999999e+00
   6.7500000999999998e-01   1.2989333000000001e+00
   6.7938160999999997e-01   1.2956183999999999e+00
   6.8750000000000000e-01   1.2893611000000000e+00
   6.8151287000000005e-01   1.2940129000000000e+00
   6.7938160999999997e-01   1.2956183999999999e+00
   6.8151287000000005e-01   1.2940129000000000e+00
   6.9999999000000002e-01   1.2788493999999999e+00
   6.9535276999999995e-01   1.2828527999999999e+00
   6.8979782000000001e-01   1.2875000000000001e+00
   6.9535276999999995e-01   1.2828527999999999e+00
   1.8750000000000000e-01   8.8915518000000004e-01
   1.8500954999999999e-01   8.9750953000000000e-01
   1.8433157999999999e-01   8.9999998000000003e-01
   1.8500954999999999e-01   8.9750953000000000e-01
   1.9111362000000001e-01   9.2500000999999998e-01
   1.9077852000000001e-01   9.2172149000000003e-01
   1.9007009999999999e-01   9.1507011999999999e-01
   1.9077852000000001e-01   9.2172149000000003e-01
   1.8980535000000001e-01   9.1250001999999997e-01
   1.9007009999999999e-01   9.1507011999999999e-01
   1.8520189000000001e-01   9.1250001999999997e-01
   1.8490959000000001e-01   9.1509043000000001e-01
   1.8420059000000000e-01   9.2170061000000003e-01
   1.8490959000000001e-01   9.1509043000000001e-01
   1.8382357999999999e-01   9.2500000999999998e-01
   1.8420059000000000e-01   9.2170061000000003e-01
   1.8433157999999999e-01   8.9999998000000003e-01
   1.8453739999999999e-01   9.0296259000000001e-01
   1.8503022000000000e-01   9.1003023000000005e-01
   1.8453739999999999e-01   9.0296259000000001e-01
   1.8520189000000001e-01   9.1250001999999997e-01
   1.8503022000000000e-01   9.1003023000000005e-01
   3.1250000000000000e-01   9.8977751999999997e-01
   3.1513089000000000e-01   9.9013090000000004e-01
   3.2150591000000001e-01   9.9099409000000005e-01
   3.1513089000000000e-01   9.9013090000000004e-01
   3.2499999000000002e-01   9.9146224000000005e-01
   3.2150591000000001e-01   9.9099409000000005e-01
   2.8749998999999998e-01   9.8555954999999995e-01
   2.8503244000000000e-01   9.8503246000000000e-01
   2.7878437000000000e-01   9.8371565000000005e-01
   2.8503244000000000e-01   9.8503246000000000e-01
   2.7500001000000002e-01   9.8290138999999999e-01
   2.7878437000000000e-01   9.8371565000000005e-01
   2.9818631000000001e-01   9.8750000999999998e-01
   2.8914012000000000e-01   9.8585988999999996e-01
   2.8749998999999998e-01   9.8555954999999995e-01
   2.8914012000000000e-01   9.8585988999999996e-01
   7.1249998000000003e-01   9.8555957000000005e-01
   7.1085986999999995e-01   9.8585990000000001e-01
   7.0181375999999995e-01   9.8750000999999998e-01
   7.1085986999999995e-01   9.8585990000000001e-01
   7.2500001999999997e-01   9.8290140999999998e-01
   7.2121566000000004e-01   9.8371565999999999e-01
   7.1496751999999997e-01   9.8503247999999999e-01
   7.2121566000000004e-01   9.8371565999999999e-01
   7.1249998000000003e-01   9.8555957000000005e-01
   7.1496751999999997e-01   9.8503247999999999e-01
   6.7500000999999998e-01   9.9146224999999999e-01
   6.7849409999999999e-01   9.9099409999999999e-01
   6.8486910000000001e-01   9.9013090999999998e-01
   6.7849409999999999e-01   9.9099409999999999e-01
   6.8750000000000000e-01   9.8977753000000002e-01
   6.8486910000000001e-01   9.9013090999999998e-01
   8.1479811000000002e-01   9.1250001999999997e-01
   8.1496977000000004e-01   9.1003023999999999e-01
   8.1546260000000004e-01   9.0296259000000001e-01
   8.1496977000000004e-01   9.1003023999999999e-01
   8.1566841999999995e-01   8.9999998000000003e-01
   8.1546260000000004e-01   9.0296259000000001e-01
   8.1617640999999996e-01   9.2500000999999998e-01
   8.1579939999999995e-01   9.2170061000000003e-01
   8.1509039999999999e-01   9.1509041999999996e-01
   8.1579939999999995e-01   9.2170061000000003e-01
   8.1479811000000002e-01   9.1250001999999997e-01
   8.1509039999999999e-01   9.1509041999999996e-01
   8.1019465999999996e-01   9.1250001999999997e-01
   8.0992991000000003e-01   9.1507011000000005e-01
   8.0922148999999999e-01   9.2172149999999997e-01
   8.0992991000000003e-01   9.1507011000000005e-01
   8.0888638999999996e-01   9.2500000999999998e-01
   8.0922148999999999e-01   9.2172149999999997e-01
   1.8373697000000000e-01   1.0874999999999999e+00
   1.8461815000000001e-01   1.0903818000000001e+00
   1.8750000000000000e-01   1.0995879000000000e+00
   1.8461815000000001e-01   1.0903818000000001e+00
   1.8047903000000001e-01   1.0750000000000000e+00
   1.8192568000000001e-01   1.0805743000000001e+00
   1.8240806000000001e-01   1.0824081000000001e+00
   1.8192568000000001e-01   1.0805743000000001e+00
   1.8373697000000000e-01   1.0874999999999999e+00
   1.8240806000000001e-01   1.0824081000000001e+00
   1.9621284999999999e-01   1.1250000000000000e+00
   1.9404769999999999e-01   1.1190477000000001e+00
   1.9168328000000001e-01   1.1125000000000000e+00
   1.9388804000000001e-01   1.1186119999999999e+00
   1.9404769999999999e-01   1.1190477000000001e+00
   1.9388804000000001e-01   1.1186119999999999e+00
   5.2499998000000003e-01   1.0009646999999999e+00
   5.2402422999999998e-01   1.0009756999999999e+00
   5.1249999000000002e-01   1.0011072000000001e+00
   5.1359476999999998e-01   1.0010948000000000e+00
   5.2402422999999998e-01   1.0009756999999999e+00
   5.1359476999999998e-01   1.0010948000000000e+00
   8.0611197000000001e-01   1.1186119999999999e+00
   8.0595232000000006e-01   1.1190477000000001e+00
   8.0831673000000004e-01   1.1125000000000000e+00
   8.0611197000000001e-01   1.1186119999999999e+00
   8.0378717000000000e-01   1.1250000000000000e+00
   8.0595232000000006e-01   1.1190477000000001e+00
   3.1020217999999999e-01   1.2875000000000001e+00
   3.0464722999999999e-01   1.2828527999999999e+00
   3.0000000999999998e-01   1.2788493999999999e+00
   3.0464722999999999e-01   1.2828527999999999e+00
   3.1848713000000001e-01   1.2940129000000000e+00
   3.2061836999999999e-01   1.2956183999999999e+00
   3.1250000000000000e-01   1.2893611000000000e+00
   3.1848713000000001e-01   1.2940129000000000e+00
   3.2499999000000002e-01   1.2989333000000001e+00
   3.2061836999999999e-01   1.2956183999999999e+00
   7.0428014999999999e-01   1.2749999999999999e+00
   7.0203391000000004e-01   1.2770338999999999e+00
   6.9999999000000002e-01   1.2788493999999999e+00
   7.0203391000000004e-01   1.2770338999999999e+00
   2.3889430000000000e-01   6.2500000000000000e-01
   2.3859543000000000e-01   6.2390456999999999e-01
   2.3749999999999999e-01   6.2000884999999994e-01
   2.3859543000000000e-01   6.2390456999999999e-01
   2.3526417999999999e-01   6.1250000999999998e-01
   2.3581290999999999e-01   6.1418709000000005e-01
   2.3749999999999999e-01   6.2000884999999994e-01
   2.3581290999999999e-01   6.1418709000000005e-01
   2.2836192000000000e-01   6.0000001999999997e-01
   2.3162223000000001e-01   6.0587778000000003e-01
   2.3252716000000001e-01   6.0752718000000006e-01
   2.3162223000000001e-01   6.0587778000000003e-01
   2.3526417999999999e-01   6.1250000999999998e-01
   2.3252716000000001e-01   6.0752718000000006e-01
   2.4183426999999999e-01   6.3749999000000002e-01
   2.4101462000000001e-01   6.3398536999999999e-01
   2.3932120000000001e-01   6.2682119999999997e-01
   2.4101462000000001e-01   6.3398536999999999e-01
   2.3889430000000000e-01   6.2500000000000000e-01
   2.3932120000000001e-01   6.2682119999999997e-01
   2.0327508999999999e-01   6.2500000000000000e-01
   2.0501051000000001e-01   6.3001050000000003e-01
   2.0765331000000001e-01   6.3749999000000002e-01
   2.0563229000000000e-01   6.3186770999999997e-01
   2.0501051000000001e-01   6.3001050000000003e-01
   2.0563229000000000e-01   6.3186770999999997e-01
   2.1541271000000001e-01   6.4999998000000003e-01
   2.1415115000000001e-01   6.4834884000000004e-01
   2.1250000999999999e-01   6.4586900999999997e-01
   2.1415115000000001e-01   6.4834884000000004e-01
   8.2891649999999995e-01   1.0164165000000001e+00
   8.2860774000000004e-01   1.0213922000000000e+00
   8.2915306000000000e-01   1.0125000000000000e+00
   8.2891649999999995e-01   1.0164165000000001e+00
   8.2838913999999997e-01   1.0249999999999999e+00
   8.2860774000000004e-01   1.0213922000000000e+00
   8.2927912000000004e-01   1.0000000000000000e+00
   8.2923665000000002e-01   1.0042367000000001e+00
   8.2915306000000000e-01   1.0125000000000000e+00
   8.2919513000000000e-01   1.0083048999999999e+00
   8.2923665000000002e-01   1.0042367000000001e+00
   8.2919513000000000e-01   1.0083048999999999e+00
   8.2499999000000002e-01   1.0490575000000000e+00
   8.2677254000000000e-01   1.0392725000000000e+00
   8.2708404999999996e-01   1.0375000000000001e+00
   8.2677254000000000e-01   1.0392725000000000e+00
   8.2838913999999997e-01   1.0249999999999999e+00
   8.2807107000000002e-01   1.0280711000000000e+00
   8.2708404999999996e-01   1.0375000000000001e+00
   8.2732550999999999e-01   1.0351745000000001e+00
   8.2807107000000002e-01   1.0280711000000000e+00
   8.2732550999999999e-01   1.0351745000000001e+00
   8.2482838999999997e-01   1.0500000000000000e+00
   8.2485518999999996e-01   1.0498552000000001e+00
   8.2499999000000002e-01   1.0490575000000000e+00
   8.2485518999999996e-01   1.0498552000000001e+00
   2.4142701999999999e-01   1.2124999999999999e+00
   2.4497167000000000e-01   1.2175282999999999e+00
   2.5000000000000000e-01   1.2244789000000000e+00
   2.4497167000000000e-01   1.2175282999999999e+00
   2.3330368000000001e-01   1.2000000000000000e+00
   2.3494032000000001e-01   1.2025596999999999e+00
   2.3749999999999999e-01   1.2065260000000000e+00
   2.3494032000000001e-01   1.2025596999999999e+00
   2.2499999000000001e-01   5.9336255000000004e-01
   2.2724512999999999e-01   5.9775487000000005e-01
   2.2836192000000000e-01   6.0000001999999997e-01
   2.2724512999999999e-01   5.9775487000000005e-01
   7.7163813999999997e-01   6.0000001999999997e-01
   7.7275488999999997e-01   5.9775491999999997e-01
   7.7499998000000003e-01   5.9336266999999998e-01
   7.7275488999999997e-01   5.9775491999999997e-01
   7.8750001999999997e-01   6.4586916000000005e-01
   7.8584893000000000e-01   6.4834888999999996e-01
   7.8458740000000005e-01   6.4999998000000003e-01
   7.8584893000000000e-01   6.4834888999999996e-01
   7.9436777000000003e-01   6.3186774999999995e-01
   7.9498959000000002e-01   6.3001041999999996e-01
   7.9234678000000003e-01   6.3749999000000002e-01
   7.9436777000000003e-01   6.3186774999999995e-01
   7.9672496999999998e-01   6.2500000000000000e-01
   7.9498959000000002e-01   6.3001041999999996e-01
   7.6110573000000004e-01   6.2500000000000000e-01
   7.6067881999999998e-01   6.2682117000000004e-01
   7.5898538000000004e-01   6.3398538000000004e-01
   7.6067881999999998e-01   6.2682117000000004e-01
   7.5816572999999998e-01   6.3749999000000002e-01
   7.5898538000000004e-01   6.3398538000000004e-01
   7.6473583000000001e-01   6.1250000999999998e-01
   7.6747292000000000e-01   6.0752708000000000e-01
   7.6837778999999995e-01   6.0587782000000001e-01
   7.6747292000000000e-01   6.0752708000000000e-01
   7.7163813999999997e-01   6.0000001999999997e-01
   7.6837778999999995e-01   6.0587782000000001e-01
   7.6249999000000002e-01   6.2000893999999995e-01
   7.6418708999999996e-01   6.1418711000000004e-01
   7.6473583000000001e-01   6.1250000999999998e-01
   7.6418708999999996e-01   6.1418711000000004e-01
   7.6249999000000002e-01   6.2000893999999995e-01
   7.6140458000000000e-01   6.2390458999999998e-01
   7.6110573000000004e-01   6.2500000000000000e-01
   7.6140458000000000e-01   6.2390458999999998e-01
   1.7192741000000000e-01   9.8442742000000005e-01
   1.7307221000000000e-01   9.7692780000000001e-01
   1.7147994000000000e-01   9.8750000999999998e-01
   1.7192741000000000e-01   9.8442742000000005e-01
   1.7335642000000001e-01   9.7500001999999997e-01
   1.7307221000000000e-01   9.7692780000000001e-01
   1.7072087000000000e-01   1.0000000000000000e+00
   1.7096183000000001e-01   9.9596183999999999e-01
   1.7147994000000000e-01   9.8750000999999998e-01
   1.7125541000000000e-01   9.9124458999999998e-01
   1.7096183000000001e-01   9.9596183999999999e-01
   1.7125541000000000e-01   9.9124458999999998e-01
   1.7335642000000001e-01   9.7500001999999997e-01
   1.7363334000000000e-01   9.7363334999999995e-01
   1.7499999999999999e-01   9.6691921000000003e-01
   1.7363334000000000e-01   9.7363334999999995e-01
   1.7499999999999999e-01   9.6691921000000003e-01
   1.7571236000000001e-01   9.6321234000000000e-01
   1.7580064000000001e-01   9.6249998000000003e-01
   1.7571236000000001e-01   9.6321234000000000e-01
   1.7843477999999999e-01   9.4999999000000002e-01
   1.7772953999999999e-01   9.5272953000000005e-01
   1.7580064000000001e-01   9.6249998000000003e-01
   1.7604375000000000e-01   9.6145623000000002e-01
   1.7772953999999999e-01   9.5272953000000005e-01
   1.7604375000000000e-01   9.6145623000000002e-01
   3.6676762000000002e-01   9.9573239000000002e-01
   3.7108591000000002e-01   9.9608591000000002e-01
   3.6250000999999998e-01   9.9538123000000001e-01
   3.6676762000000002e-01   9.9573239000000002e-01
   3.7500000000000000e-01   9.9640773000000005e-01
   3.7108591000000002e-01   9.9608591000000002e-01
   2.1799805000000000e-01   9.6249998000000003e-01
   2.1432928000000001e-01   9.6067071000000004e-01
   2.1250000999999999e-01   9.5973828000000005e-01
   2.1432928000000001e-01   9.6067071000000004e-01
   2.1799805000000000e-01   9.6249998000000003e-01
   2.2269336000000001e-01   9.6480661999999995e-01
   2.2499999000000001e-01   9.6593180000000001e-01
   2.2269336000000001e-01   9.6480661999999995e-01
   2.4738254000000001e-01   9.7500001999999997e-01
   2.4013933000000001e-01   9.7236067999999998e-01
   2.3749999999999999e-01   9.7137499000000005e-01
   2.4013933000000001e-01   9.7236067999999998e-01
   2.2499999000000001e-01   9.6593180000000001e-01
   2.3114056999999999e-01   9.6864057000000003e-01
   2.3129164999999999e-01   9.6870835000000000e-01
   2.3114056999999999e-01   9.6864057000000003e-01
   2.3749999999999999e-01   9.7137499000000005e-01
   2.3129164999999999e-01   9.6870835000000000e-01
   2.5000000000000000e-01   9.7593837999999999e-01
   2.4930695999999999e-01   9.7569306000000000e-01
   2.4738254000000001e-01   9.7500001999999997e-01
   2.4930695999999999e-01   9.7569306000000000e-01
   5.6253260999999999e-01   9.9996739000000001e-01
   5.7447203999999996e-01   9.9947204999999995e-01
   5.6250000000000000e-01   9.9996874999999996e-01
   5.6253260999999999e-01   9.9996739000000001e-01
   5.7499999000000002e-01   9.9945006000000003e-01
   5.7447203999999996e-01   9.9947204999999995e-01
   4.2500000999999998e-01   9.9945006000000003e-01
   4.2552795999999998e-01   9.9947204999999995e-01
   4.3750000000000000e-01   9.9996874999999996e-01
   4.3746739000000001e-01   9.9996739000000001e-01
   4.2552795999999998e-01   9.9947204999999995e-01
   4.3746739000000001e-01   9.9996739000000001e-01
   7.5261754000000003e-01   9.7500001999999997e-01
   7.5069306000000002e-01   9.7569307999999999e-01
   7.5000000000000000e-01   9.7593841000000003e-01
   7.5069306000000002e-01   9.7569307999999999e-01
   7.6249999000000002e-01   9.7137501999999998e-01
   7.6870835000000004e-01   9.6870836999999999e-01
   7.6885935000000005e-01   9.6864063000000000e-01
   7.6870835000000004e-01   9.6870836999999999e-01
   7.7499998000000003e-01   9.6593183000000005e-01
   7.6885935000000005e-01   9.6864063000000000e-01
   7.6249999000000002e-01   9.7137501999999998e-01
   7.5986067999999996e-01   9.7236069999999997e-01
   7.5261754000000003e-01   9.7500001999999997e-01
   7.5986067999999996e-01   9.7236069999999997e-01
   7.7499998000000003e-01   9.6593183000000005e-01
   7.7730664999999999e-01   9.6480664999999999e-01
   7.8200203999999995e-01   9.6249998000000003e-01
   7.7730664999999999e-01   9.6480664999999999e-01
   7.8750001999999997e-01   9.5973832000000003e-01
   7.8567076999999996e-01   9.6067073999999997e-01
   7.8200203999999995e-01   9.6249998000000003e-01
   7.8567076999999996e-01   9.6067073999999997e-01
   6.2500000000000000e-01   9.9640773000000005e-01
   6.2891408999999998e-01   9.9608591000000002e-01
   6.3749999000000002e-01   9.9538123000000001e-01
   6.3323238999999998e-01   9.9573239999999996e-01
   6.2891408999999998e-01   9.9608591000000002e-01
   6.3323238999999998e-01   9.9573239999999996e-01
   8.2395624000000001e-01   9.6145623000000002e-01
   8.2227044999999999e-01   9.5272953000000005e-01
   8.2419935000000000e-01   9.6249998000000003e-01
   8.2395624000000001e-01   9.6145623000000002e-01
   8.2156520000000000e-01   9.4999999000000002e-01
   8.2227044999999999e-01   9.5272953000000005e-01
   8.2419935000000000e-01   9.6249998000000003e-01
   8.2428763999999999e-01   9.6321234000000000e-01
   8.2499999000000002e-01   9.6691919000000004e-01
   8.2428763999999999e-01   9.6321234000000000e-01
   8.2499999000000002e-01   9.6691919000000004e-01
   8.2636666000000003e-01   9.7363334999999995e-01
   8.2664356999999999e-01   9.7500001999999997e-01
   8.2636666000000003e-01   9.7363334999999995e-01
   8.2874457999999995e-01   9.9124460000000003e-01
   8.2903815999999997e-01   9.9596183000000005e-01
   8.2852004999999995e-01   9.8750000999999998e-01
   8.2874457999999995e-01   9.9124460000000003e-01
   8.2927912000000004e-01   1.0000000000000000e+00
   8.2903815999999997e-01   9.9596183000000005e-01
   8.2664356999999999e-01   9.7500001999999997e-01
   8.2692778000000000e-01   9.7692780999999995e-01
   8.2852004999999995e-01   9.8750000999999998e-01
   8.2807257999999995e-01   9.8442742000000005e-01
   8.2692778000000000e-01   9.7692780999999995e-01
   8.2807257999999995e-01   9.8442742000000005e-01
   1.7499999999999999e-01   1.0490573999999999e+00
   1.7514481000000001e-01   1.0498552000000001e+00
   1.7517161000000001e-01   1.0500000000000000e+00
   1.7514481000000001e-01   1.0498552000000001e+00
   1.7267447999999999e-01   1.0351745000000001e+00
   1.7192892000000001e-01   1.0280711000000000e+00
   1.7291593999999999e-01   1.0375000000000001e+00
   1.7267447999999999e-01   1.0351745000000001e+00
   1.7161085000000001e-01   1.0249999999999999e+00
   1.7192892000000001e-01   1.0280711000000000e+00
   1.7291593999999999e-01   1.0375000000000001e+00
   1.7322746000000000e-01   1.0392725000000000e+00
   1.7499999999999999e-01   1.0490573999999999e+00
   1.7322746000000000e-01   1.0392725000000000e+00
   1.7080486000000000e-01   1.0083048999999999e+00
   1.7076334000000001e-01   1.0042367000000001e+00
   1.7084693000000001e-01   1.0125000000000000e+00
   1.7080486000000000e-01   1.0083048999999999e+00
   1.7072087000000000e-01   1.0000000000000000e+00
   1.7076334000000001e-01   1.0042367000000001e+00
   1.7161085000000001e-01   1.0249999999999999e+00
   1.7139225000000000e-01   1.0213923000000000e+00
   1.7084693000000001e-01   1.0125000000000000e+00
   1.7108349000000000e-01   1.0164165000000001e+00
   1.7139225000000000e-01   1.0213923000000000e+00
   1.7108349000000000e-01   1.0164165000000001e+00
   2.1868602000000001e-01   1.1750000000000000e+00
   2.1661305000000000e-01   1.1708870000000000e+00
   2.1250000999999999e-01   1.1626215000000000e+00
   2.1661305000000000e-01   1.1708870000000000e+00
   2.1243999000000000e-01   1.1625000000000001e+00
   2.1245982999999999e-01   1.1625402000000000e+00
   2.1250000999999999e-01   1.1626215000000000e+00
   2.1245982999999999e-01   1.1625402000000000e+00
   2.2667604999999999e-01   1.1891761000000001e+00
   2.3012658999999999e-01   1.1948734000000001e+00
   2.2565526000000000e-01   1.1875000000000000e+00
   2.2667604999999999e-01   1.1891761000000001e+00
   2.3330368000000001e-01   1.2000000000000000e+00
   2.3012658999999999e-01   1.1948734000000001e+00
   2.2565526000000000e-01   1.1875000000000000e+00
   2.2541491000000000e-01   1.1870851000000000e+00
   2.2499999000000001e-01   1.1863573000000001e+00
   2.2541491000000000e-01   1.1870851000000000e+00
   7.7499998000000003e-01   1.1863573000000001e+00
   7.7458506000000005e-01   1.1870851000000000e+00
   7.7434471000000005e-01   1.1875000000000000e+00
   7.7458506000000005e-01   1.1870851000000000e+00
   7.6669631000000005e-01   1.2000000000000000e+00
   7.6987338999999999e-01   1.1948734000000001e+00
   7.7434471000000005e-01   1.1875000000000000e+00
   7.7332392999999999e-01   1.1891760000000000e+00
   7.6987338999999999e-01   1.1948734000000001e+00
   7.7332392999999999e-01   1.1891760000000000e+00
   7.8750001999999997e-01   1.1626215000000000e+00
   7.8754020999999996e-01   1.1625402000000000e+00
   7.8756004999999996e-01   1.1625000000000001e+00
   7.8754020999999996e-01   1.1625402000000000e+00
   7.8750001999999997e-01   1.1626215000000000e+00
   7.8338695999999997e-01   1.1708870000000000e+00
   7.8131399000000001e-01   1.1750000000000000e+00
   7.8338695999999997e-01   1.1708870000000000e+00
   5.6250000000000000e-01   1.3504833999999999e+00
   5.6288890999999996e-01   1.3503889000000000e+00
   5.6447459000000000e-01   1.3500000000000001e+00
   5.6288890999999996e-01   1.3503889000000000e+00
   4.3552541000000000e-01   1.3500000000000001e+00
   4.3711108999999998e-01   1.3503889000000000e+00
   4.3750000000000000e-01   1.3504833999999999e+00
   4.3711108999999998e-01   1.3503889000000000e+00
   7.6249999000000002e-01   1.2065260000000000e+00
   7.6505966999999997e-01   1.2025596999999999e+00
   7.6669631000000005e-01   1.2000000000000000e+00
   7.6505966999999997e-01   1.2025596999999999e+00
   7.5000000000000000e-01   1.2244789000000000e+00
   7.5502833000000003e-01   1.2175282999999999e+00
   7.5857297999999995e-01   1.2124999999999999e+00
   7.5502833000000003e-01   1.2175282999999999e+00
   2.2499999000000001e-01   6.5833087999999995e-01
   2.2030849000000000e-01   6.5469149999999998e-01
   2.1541271000000001e-01   6.4999998000000003e-01
   2.2030849000000000e-01   6.5469149999999998e-01
   2.3373938999999999e-01   6.5376060000000003e-01
   2.3056879999999999e-01   6.5556879999999995e-01
   2.3749999999999999e-01   6.5170037000000003e-01
   2.3373938999999999e-01   6.5376060000000003e-01
   2.2499999000000001e-01   6.5833087999999995e-01
   2.3056879999999999e-01   6.5556879999999995e-01
   4.7499998999999998e-01   1.0009646999999999e+00
   4.7405325999999998e-01   1.0009467000000001e+00
   4.6250001000000002e-01   1.0007272000000000e+00
   4.6324124999999999e-01   1.0007412000000000e+00
   4.7405325999999998e-01   1.0009467000000001e+00
   4.6324124999999999e-01   1.0007412000000000e+00
   8.2285560999999996e-01   1.0603556000000001e+00
   8.2478753999999999e-01   1.0502125000000000e+00
   8.2244139000000005e-01   1.0625000000000000e+00
   8.2285560999999996e-01   1.0603556000000001e+00
   8.2482838999999997e-01   1.0500000000000000e+00
   8.2478753999999999e-01   1.0502125000000000e+00
   8.1952097999999995e-01   1.0750000000000000e+00
   8.2056810000000002e-01   1.0705681000000000e+00
   8.2244139000000005e-01   1.0625000000000000e+00
   8.2165900000000003e-01   1.0658410000000000e+00
   8.2056810000000002e-01   1.0705681000000000e+00
   8.2165900000000003e-01   1.0658410000000000e+00
   2.5038865999999999e-01   1.2250000000000001e+00
   2.5177474000000000e-01   1.2267747000000000e+00
   2.6023322999999998e-01   1.2375000000000000e+00
   2.5569329000000002e-01   1.2318066999999999e+00
   2.5177474000000000e-01   1.2267747000000000e+00
   2.5569329000000002e-01   1.2318066999999999e+00
   2.7094325000000002e-01   1.2500000000000000e+00
   2.6700088999999999e-01   1.2454991000000000e+00
   2.6249999000000002e-01   1.2402359999999999e+00
   2.6700088999999999e-01   1.2454991000000000e+00
   2.5000000000000000e-01   1.2244789000000000e+00
   2.5022165000000002e-01   1.2247783999999999e+00
   2.5038865999999999e-01   1.2250000000000001e+00
   2.5022165000000002e-01   1.2247783999999999e+00
   2.7500001000000002e-01   1.2544530000000000e+00
   2.7286999000000001e-01   1.2521300000000000e+00
   2.7094325000000002e-01   1.2500000000000000e+00
   2.7286999000000001e-01   1.2521300000000000e+00
   2.9571984000000001e-01   1.2749999999999999e+00
   2.9145673999999999e-01   1.2710433000000001e+00
   2.8749998999999998e-01   1.2672709000000000e+00
   2.9145673999999999e-01   1.2710433000000001e+00
   2.8268652999999999e-01   1.2625000000000000e+00
   2.8509423000000000e-01   1.2649058000000000e+00
   2.8749998999999998e-01   1.2672709000000000e+00
   2.8509423000000000e-01   1.2649058000000000e+00
   2.8268652999999999e-01   1.2625000000000000e+00
   2.7890245000000002e-01   1.2585976000000001e+00
   2.7500001000000002e-01   1.2544530000000000e+00
   2.7890245000000002e-01   1.2585976000000001e+00
   6.7349990000000004e-01   1.3000000000000000e+00
   6.7437955000000005e-01   1.2993794999999999e+00
   6.7500000999999998e-01   1.2989333000000001e+00
   6.7437955000000005e-01   1.2993794999999999e+00
   7.7499998000000003e-01   6.5833092999999998e-01
   7.6943114999999995e-01   6.5556882999999999e-01
   7.6249999000000002e-01   6.5170041000000001e-01
   7.6626068999999997e-01   6.5376069000000003e-01
   7.6943114999999995e-01   6.5556882999999999e-01
   7.6626068999999997e-01   6.5376069000000003e-01
   7.8458740000000005e-01   6.4999998000000003e-01
   7.7969153999999996e-01   6.5469153999999996e-01
   7.7499998000000003e-01   6.5833092999999998e-01
   7.7969153999999996e-01   6.5469153999999996e-01
   1.8047814000000001e-01   9.4297812999999997e-01
   1.7988161000000000e-01   9.4511838000000004e-01
   1.8218539000000000e-01   9.3750000000000000e-01
   1.8047814000000001e-01   9.4297812999999997e-01
   1.7843477999999999e-01   9.4999999000000002e-01
   1.7988161000000000e-01   9.4511838000000004e-01
   1.8382357999999999e-01   9.2500000999999998e-01
   1.8325445000000001e-01   9.2924556000000003e-01
   1.8283663000000000e-01   9.3283663999999999e-01
   1.8325445000000001e-01   9.2924556000000003e-01
   1.8218539000000000e-01   9.3750000000000000e-01
   1.8283663000000000e-01   9.3283663999999999e-01
   1.9256243000000001e-01   9.3750000000000000e-01
   1.9202843000000000e-01   9.3297156999999997e-01
   1.9159153000000001e-01   9.2909153000000000e-01
   1.9202843000000000e-01   9.3297156999999997e-01
   1.9111362000000001e-01   9.2500000999999998e-01
   1.9159153000000001e-01   9.2909153000000000e-01
   3.2499999000000002e-01   9.9146224000000005e-01
   3.2948996000000003e-01   9.9198997000000000e-01
   3.3263767999999999e-01   9.9236232999999996e-01
   3.2948996000000003e-01   9.9198997000000000e-01
   3.3750001000000002e-01   9.9293284000000004e-01
   3.3263767999999999e-01   9.9236232999999996e-01
   2.5883781000000000e-01   9.7866220000000004e-01
   2.5134739000000000e-01   9.7634741000000003e-01
   2.6249999000000002e-01   9.7975661999999997e-01
   2.5883781000000000e-01   9.7866220000000004e-01
   2.5000000000000000e-01   9.7593837999999999e-01
   2.5134739000000000e-01   9.7634741000000003e-01
   2.7500001000000002e-01   9.8290138999999999e-01
   2.6886527999999998e-01   9.8136528999999995e-01
   2.6868034000000002e-01   9.8131968000000003e-01
   2.6886527999999998e-01   9.8136528999999995e-01
   2.6249999000000002e-01   9.7975661999999997e-01
   2.6868034000000002e-01   9.8131968000000003e-01
   7.3750000999999998e-01   9.7975663999999996e-01
   7.3131968999999997e-01   9.8131968999999997e-01
   7.3113470999999997e-01   9.8136531999999999e-01
   7.3131968999999997e-01   9.8131968999999997e-01
   7.2500001999999997e-01   9.8290140999999998e-01
   7.3113470999999997e-01   9.8136531999999999e-01
   7.5000000000000000e-01   9.7593841000000003e-01
   7.4865256999999996e-01   9.7634745000000001e-01
   7.3750000999999998e-01   9.7975663999999996e-01
   7.4116221000000004e-01   9.7866222000000003e-01
   7.4865256999999996e-01   9.7634745000000001e-01
   7.4116221000000004e-01   9.7866222000000003e-01
   6.6250001999999997e-01   9.9293284000000004e-01
   6.6736234999999999e-01   9.9236234000000001e-01
   6.7051004999999997e-01   9.9198997000000000e-01
   6.6736234999999999e-01   9.9236234000000001e-01
   6.7500000999999998e-01   9.9146224999999999e-01
   6.7051004999999997e-01   9.9198997000000000e-01
   8.0888638999999996e-01   9.2500000999999998e-01
   8.0840847999999998e-01   9.2909153000000000e-01
   8.0797158000000002e-01   9.3297158000000002e-01
   8.0840847999999998e-01   9.2909153000000000e-01
   8.0743757999999999e-01   9.3750000000000000e-01
   8.0797158000000002e-01   9.3297158000000002e-01
   8.1781459999999995e-01   9.3750000000000000e-01
   8.1716336000000001e-01   9.3283663999999999e-01
   8.1674553999999999e-01   9.2924554999999998e-01
   8.1716336000000001e-01   9.3283663999999999e-01
   8.1617640999999996e-01   9.2500000999999998e-01
   8.1674553999999999e-01   9.2924554999999998e-01
   8.2156520000000000e-01   9.4999999000000002e-01
   8.2011836999999999e-01   9.4511836999999999e-01
   8.1781459999999995e-01   9.3750000000000000e-01
   8.1952185000000000e-01   9.4297814000000002e-01
   8.2011836999999999e-01   9.4511836999999999e-01
   8.1952185000000000e-01   9.4297814000000002e-01
   1.7834100999999999e-01   1.0658410000000000e+00
   1.7943191000000000e-01   1.0705681000000000e+00
   1.7755862000000000e-01   1.0625000000000000e+00
   1.7834100999999999e-01   1.0658410000000000e+00
   1.8047903000000001e-01   1.0750000000000000e+00
   1.7943191000000000e-01   1.0705681000000000e+00
   1.7517161000000001e-01   1.0500000000000000e+00
   1.7521245999999999e-01   1.0502125000000000e+00
   1.7755862000000000e-01   1.0625000000000000e+00
   1.7714439000000001e-01   1.0603556000000001e+00
   1.7521245999999999e-01   1.0502125000000000e+00
   1.7714439000000001e-01   1.0603556000000001e+00
   2.0000000000000001e-01   1.1345917999999999e+00
   1.9727634999999999e-01   1.1277235999999999e+00
   1.9621284999999999e-01   1.1250000000000000e+00
   1.9727634999999999e-01   1.1277235999999999e+00
   2.0116279000000001e-01   1.1375000000000000e+00
   2.0082929999999999e-01   1.1366707000000000e+00
   2.0000000000000001e-01   1.1345917999999999e+00
   2.0082929999999999e-01   1.1366707000000000e+00
   5.3675877999999999e-01   1.0007412000000000e+00
   5.2594671000000004e-01   1.0009467000000001e+00
   5.3750001999999997e-01   1.0007272000000000e+00
   5.3675877999999999e-01   1.0007412000000000e+00
   5.2499998000000003e-01   1.0009646999999999e+00
   5.2594671000000004e-01   1.0009467000000001e+00
   8.0000000999999998e-01   1.1345919000000000e+00
   7.9917072000000000e-01   1.1366707000000000e+00
   7.9883722999999995e-01   1.1375000000000000e+00
   7.9917072000000000e-01   1.1366707000000000e+00
   8.0378717000000000e-01   1.1250000000000000e+00
   8.0272365999999995e-01   1.1277237000000000e+00
   8.0000000999999998e-01   1.1345919000000000e+00
   8.0272365999999995e-01   1.1277237000000000e+00
   3.2499999000000002e-01   1.2989333000000001e+00
   3.2562046000000000e-01   1.2993794999999999e+00
   3.2650011000000001e-01   1.3000000000000000e+00
   3.2562046000000000e-01   1.2993794999999999e+00
   3.4533793000000002e-01   1.3125000000000000e+00
   3.4822804000000002e-01   1.3142720000000001e+00
   3.4999998999999998e-01   1.3153433000000001e+00
   3.4822804000000002e-01   1.3142720000000001e+00
   3.2650011000000001e-01   1.3000000000000000e+00
   3.3299830000000002e-01   1.3045017000000001e+00
   3.3750001000000002e-01   1.3075642999999999e+00
   3.3299830000000002e-01   1.3045017000000001e+00
   3.8749999000000002e-01   1.3343164999999999e+00
   3.8177893000000002e-01   1.3317789000000000e+00
   3.8104345000000001e-01   1.3314565000000000e+00
   3.8177893000000002e-01   1.3317789000000000e+00
   3.7500000000000000e-01   1.3287251000000000e+00
   3.8104345000000001e-01   1.3314565000000000e+00
   3.9555671999999997e-01   1.3374999999999999e+00
   3.8977245999999999e-01   1.3352275000000000e+00
   3.8749999000000002e-01   1.3343164999999999e+00
   3.8977245999999999e-01   1.3352275000000000e+00
   3.7500000000000000e-01   1.3287251000000000e+00
   3.7250035999999997e-01   1.3274995999999999e+00
   3.6747282999999997e-01   1.3250000000000000e+00
   3.7250035999999997e-01   1.3274995999999999e+00
   3.6747282999999997e-01   1.3250000000000000e+00
   3.6416680000000001e-01   1.3233332000000000e+00
   3.6250000999999998e-01   1.3224735999999999e+00
   3.6416680000000001e-01   1.3233332000000000e+00
   3.4999998999999998e-01   1.3153433000000001e+00
   3.5612273999999999e-01   1.3188773000000000e+00
   3.6250000999999998e-01   1.3224735999999999e+00
   3.5670049999999998e-01   1.3192005000000000e+00
   3.5612273999999999e-01   1.3188773000000000e+00
   3.5670049999999998e-01   1.3192005000000000e+00
   5.2499998000000003e-01   1.3565180999999999e+00
   5.1939992000000001e-01   1.3568998999999999e+00
   5.1800734999999998e-01   1.3569926000000001e+00
   5.1939992000000001e-01   1.3568998999999999e+00
   5.1249999000000002e-01   1.3573671000000000e+00
   5.1800734999999998e-01   1.3569926000000001e+00
   5.3175053999999999e-01   1.3557494999999999e+00
   5.3085378999999999e-01   1.3558538000000000e+00
   5.3750001999999997e-01   1.3550937000000001e+00
   5.3175053999999999e-01   1.3557494999999999e+00
   5.2499998000000003e-01   1.3565180999999999e+00
   5.3085378999999999e-01   1.3558538000000000e+00
   5.7499999000000002e-01   1.3473922000000000e+00
   5.7872593999999999e-01   1.3462740000000000e+00
   5.8749998000000003e-01   1.3436395000000001e+00
   5.8262294000000003e-01   1.3451230000000001e+00
   5.7872593999999999e-01   1.3462740000000000e+00
   5.8262294000000003e-01   1.3451230000000001e+00
   5.6447459000000000e-01   1.3500000000000001e+00
   5.7291632000000003e-01   1.3479163000000001e+00
   5.7499999000000002e-01   1.3473922000000000e+00
   5.7291632000000003e-01   1.3479163000000001e+00
   4.2500000999999998e-01   1.3473922000000000e+00
   4.2708368000000002e-01   1.3479163000000001e+00
   4.3552541000000000e-01   1.3500000000000001e+00
   4.2708368000000002e-01   1.3479163000000001e+00
   4.1737703999999998e-01   1.3451230000000001e+00
   4.2127404000000002e-01   1.3462740000000000e+00
   4.1249998999999998e-01   1.3436395000000001e+00
   4.1737703999999998e-01   1.3451230000000001e+00
   4.2500000999999998e-01   1.3473922000000000e+00
   4.2127404000000002e-01   1.3462740000000000e+00
   4.7499998999999998e-01   1.3565180999999999e+00
   4.6914621000000001e-01   1.3558538000000000e+00
   4.6250001000000002e-01   1.3550937000000001e+00
   4.6824946000000001e-01   1.3557494999999999e+00
   4.6914621000000001e-01   1.3558538000000000e+00
   4.6824946000000001e-01   1.3557494999999999e+00
   4.8750000999999998e-01   1.3573670000000000e+00
   4.8199262999999998e-01   1.3569926000000001e+00
   4.8060006000000000e-01   1.3568998999999999e+00
   4.8199262999999998e-01   1.3569926000000001e+00
   4.7499998999999998e-01   1.3565180999999999e+00
   4.8060006000000000e-01   1.3568998999999999e+00
   7.2500001999999997e-01   1.2544530000000000e+00
   7.2109756000000003e-01   1.2585976000000001e+00
   7.1731347000000001e-01   1.2625000000000000e+00
   7.2109756000000003e-01   1.2585976000000001e+00
   7.1249998000000003e-01   1.2672709000000000e+00
   7.1490575999999995e-01   1.2649058000000000e+00
   7.1731347000000001e-01   1.2625000000000000e+00
   7.1490575999999995e-01   1.2649058000000000e+00
   7.1249998000000003e-01   1.2672709000000000e+00
   7.0854324000000002e-01   1.2710433000000001e+00
   7.0428014999999999e-01   1.2749999999999999e+00
   7.0854324000000002e-01   1.2710433000000001e+00
   7.2905677999999996e-01   1.2500000000000000e+00
   7.2713004000000003e-01   1.2521300000000000e+00
   7.2500001999999997e-01   1.2544530000000000e+00
   7.2713004000000003e-01   1.2521300000000000e+00
   7.4961135000000001e-01   1.2250000000000001e+00
   7.4977835999999998e-01   1.2247783999999999e+00
   7.5000000000000000e-01   1.2244789000000000e+00
   7.4977835999999998e-01   1.2247783999999999e+00
   7.3750000999999998e-01   1.2402359999999999e+00
   7.3299912000000000e-01   1.2454991000000000e+00
   7.2905677999999996e-01   1.2500000000000000e+00
   7.3299912000000000e-01   1.2454991000000000e+00
   7.4430671999999998e-01   1.2318066999999999e+00
   7.4822527999999999e-01   1.2267747000000000e+00
   7.3976677999999996e-01   1.2375000000000000e+00
   7.4430671999999998e-01   1.2318066999999999e+00
   7.4961135000000001e-01   1.2250000000000001e+00
   7.4822527999999999e-01   1.2267747000000000e+00
   6.4329948000000003e-01   1.3192005000000000e+00
   6.4387724000000002e-01   1.3188773000000000e+00
   6.3749999000000002e-01   1.3224735999999999e+00
   6.4329948000000003e-01   1.3192005000000000e+00
   6.4999998000000003e-01   1.3153433000000001e+00
   6.4387724000000002e-01   1.3188773000000000e+00
   6.3749999000000002e-01   1.3224735999999999e+00
   6.3583319999999999e-01   1.3233332000000000e+00
   6.3252717999999997e-01   1.3250000000000000e+00
   6.3583319999999999e-01   1.3233332000000000e+00
   6.3252717999999997e-01   1.3250000000000000e+00
   6.2749964000000003e-01   1.3274995999999999e+00
   6.2500000000000000e-01   1.3287251000000000e+00
   6.2749964000000003e-01   1.3274995999999999e+00
   6.1250000999999998e-01   1.3343164999999999e+00
   6.1022754999999995e-01   1.3352275000000000e+00
   6.0444330999999996e-01   1.3374999999999999e+00
   6.1022754999999995e-01   1.3352275000000000e+00
   6.2500000000000000e-01   1.3287251000000000e+00
   6.1895655999999999e-01   1.3314566000000001e+00
   6.1822107000000004e-01   1.3317789000000000e+00
   6.1895655999999999e-01   1.3314566000000001e+00
   6.1250000999999998e-01   1.3343164999999999e+00
   6.1822107000000004e-01   1.3317789000000000e+00
   6.6250001999999997e-01   1.3075642999999999e+00
   6.6700172000000002e-01   1.3045017000000001e+00
   6.7349990000000004e-01   1.3000000000000000e+00
   6.6700172000000002e-01   1.3045017000000001e+00
   6.4999998000000003e-01   1.3153433000000001e+00
   6.5177194000000005e-01   1.3142720000000001e+00
   6.5466206999999998e-01   1.3125000000000000e+00
   6.5177194000000005e-01   1.3142720000000001e+00
