   5.0000000000000000e-01   9.9891912000000005e-01
   5.0108129999999995e-01   9.9891870000000005e-01
   5.0108129999999995e-01   9.9891870000000005e-01
   5.1249999999999996e-01   9.9891293000000003e-01
   5.1359021000000005e-01   9.9890979000000002e-01
   5.2500000000000002e-01   9.9887976000000001e-01
   5.1359021000000005e-01   9.9890979000000002e-01
   5.1249999999999996e-01   9.9891293000000003e-01
   5.0000000000000000e-01   1.3450700000000000e+00
   5.0511481999999996e-01   1.3448852000000000e+00
   5.0511481999999996e-01   1.3448852000000000e+00
   5.1249999999999996e-01   1.3446184999999999e+00
   5.1839922000000005e-01   1.3441008000000001e+00
   5.2500000000000002e-01   1.3435433000000001e+00
   5.1839922000000005e-01   1.3441008000000001e+00
   5.1249999999999996e-01   1.3446184999999999e+00
   5.2500000000000002e-01   9.9887976000000001e-01
   5.2612848999999995e-01   9.9887150999999996e-01
   5.2612848999999995e-01   9.9887150999999996e-01
   5.3749999999999998e-01   9.9878610000000001e-01
   5.3872589999999998e-01   9.9877410000000000e-01
   5.5000000000000004e-01   9.9866675000000005e-01
   5.3872589999999998e-01   9.9877410000000000e-01
   5.3749999999999998e-01   9.9878610000000001e-01
   5.2500000000000002e-01   1.3435433000000001e+00
   5.3233730000000001e-01   1.3426627000000000e+00
   5.3233730000000001e-01   1.3426627000000000e+00
   5.3749999999999998e-01   1.3420638000000000e+00
   5.4692361000000000e-01   1.3405764000000000e+00
   5.5000000000000004e-01   1.3401084000000001e+00
   5.4692361000000000e-01   1.3405764000000000e+00
   5.3749999999999998e-01   1.3420638000000000e+00
   5.5000000000000004e-01   9.9866675000000005e-01
   5.5135341999999998e-01   9.9864657999999995e-01
   5.5135341999999998e-01   9.9864657999999995e-01
   5.6250000000000000e-01   9.9847832999999997e-01
   5.6404779000000005e-01   9.9845220999999995e-01
   5.7499999999999996e-01   9.9827107000000004e-01
   5.6404779000000005e-01   9.9845220999999995e-01
   5.6250000000000000e-01   9.9847832999999997e-01
   5.5000000000000004e-01   1.3401084000000001e+00
   5.6235643000000002e-01   1.3376436000000000e+00
   5.6235643000000002e-01   1.3376436000000000e+00
   5.6250000000000000e-01   1.3376158000000000e+00
   5.7499999999999996e-01   1.3345549000000001e+00
   5.6297797000000005e-01   1.3374999999999999e+00
   5.6297797000000005e-01   1.3374999999999999e+00
   5.6250000000000000e-01   1.3376158000000000e+00
   5.7499999999999996e-01   9.9827107000000004e-01
   5.7676830999999995e-01   9.9823169000000000e-01
   5.7676830999999995e-01   9.9823169000000000e-01
   5.8750000000000002e-01   9.9799092000000000e-01
   5.8956388999999998e-01   9.9793611000000004e-01
   5.9999999999999998e-01   9.9766257000000003e-01
   5.8956388999999998e-01   9.9793611000000004e-01
   5.8750000000000002e-01   9.9799092000000000e-01
   5.7913002000000002e-01   1.3333699999999999e+00
   5.7499999999999996e-01   1.3345549000000001e+00
   5.9705995000000001e-01   1.3279401000000000e+00
   5.8750000000000002e-01   1.3310191000000000e+00
   5.7913002000000002e-01   1.3333699999999999e+00
   5.8750000000000002e-01   1.3310191000000000e+00
   5.9999999999999998e-01   1.3270177999999999e+00
   5.9705995000000001e-01   1.3279401000000000e+00
   5.9999999999999998e-01   9.9766257000000003e-01
   6.0241264999999999e-01   9.9758734999999998e-01
   6.0241264999999999e-01   9.9758734999999998e-01
   6.1250000000000004e-01   9.9727193999999997e-01
   6.1532089999999995e-01   9.9717909999999998e-01
   6.2500000000000000e-01   9.9686439999999998e-01
   6.1532089999999995e-01   9.9717909999999998e-01
   6.1250000000000004e-01   9.9727193999999997e-01
   6.1250000000000004e-01   1.3223708000000001e+00
   6.0548586999999998e-01   1.3250000000000000e+00
   6.1706260999999996e-01   1.3204374000000001e+00
   6.2500000000000000e-01   1.3171368999999999e+00
   6.1706260999999996e-01   1.3204374000000001e+00
   6.1250000000000004e-01   1.3223708000000001e+00
   6.0548586999999998e-01   1.3250000000000000e+00
   5.9999999999999998e-01   1.3270177999999999e+00
   6.2500000000000000e-01   9.9686439999999998e-01
   6.2826760000000004e-01   9.9673239999999996e-01
   6.2826760000000004e-01   9.9673239999999996e-01
   6.3749999999999996e-01   9.9635874000000002e-01
   6.4131881000000002e-01   9.9618119000000005e-01
   6.5000000000000002e-01   9.9578458999999997e-01
   6.4131881000000002e-01   9.9618119000000005e-01
   6.3749999999999996e-01   9.9635874000000002e-01
   6.2500000000000000e-01   1.3171368999999999e+00
   6.3498639000000001e-01   1.3125000000000000e+00
   6.4006907999999996e-01   1.3099308999999999e+00
   6.3749999999999996e-01   1.3113021000000000e+00
   6.3749999999999996e-01   1.3113021000000000e+00
   6.3498639000000001e-01   1.3125000000000000e+00
   6.5000000000000002e-01   1.3047119000000000e+00
   6.4006907999999996e-01   1.3099308999999999e+00
   6.5000000000000002e-01   9.9578458999999997e-01
   6.5447186999999996e-01   9.9552812999999996e-01
   6.5447186999999996e-01   9.9552812999999996e-01
   6.6249999999999998e-01   9.9506720999999998e-01
   6.6775989999999996e-01   9.9474010000000002e-01
   6.7500000000000004e-01   9.9429791000000001e-01
   6.6775989999999996e-01   9.9474010000000002e-01
   6.6249999999999998e-01   9.9506720999999998e-01
   6.6249999999999998e-01   1.2974531000000000e+00
   6.5820765999999997e-01   1.3000000000000000e+00
   6.6980386999999997e-01   1.2926960999999999e+00
   6.7500000000000004e-01   1.2893516000000000e+00
   6.6980386999999997e-01   1.2926960999999999e+00
   6.6249999999999998e-01   1.2974531000000000e+00
   6.5820765999999997e-01   1.3000000000000000e+00
   6.5000000000000002e-01   1.3047119000000000e+00
   6.7500000000000004e-01   9.9429791000000001e-01
   6.8121673000000005e-01   9.9378327000000000e-01
   6.8121673000000005e-01   9.9378327000000000e-01
   6.8750000000000000e-01   9.9327093000000000e-01
   6.9495885999999996e-01   9.9254114000000004e-01
   6.9999999999999996e-01   9.9205712999999995e-01
   6.9495885999999996e-01   9.9254114000000004e-01
   6.8750000000000000e-01   9.9327093000000000e-01
   6.9427227000000002e-01   1.2749999999999999e+00
   6.9999999999999996e-01   1.2703175000000000e+00
   6.7500000000000004e-01   1.2893516000000000e+00
   6.7765047000000000e-01   1.2875000000000001e+00
   6.8750000000000000e-01   1.2803199999999999e+00
   6.9427227000000002e-01   1.2749999999999999e+00
   6.8750000000000000e-01   1.2803199999999999e+00
   6.7765047000000000e-01   1.2875000000000001e+00
   6.9999999999999996e-01   9.9205712999999995e-01
   7.0915967000000002e-01   9.9084033000000005e-01
   7.0915967000000002e-01   9.9084033000000005e-01
   7.1250000000000002e-01   9.9038707999999998e-01
   7.2385060000000001e-01   9.8864940000000001e-01
   7.2499999999999998e-01   9.8848793999999995e-01
   7.2385060000000001e-01   9.8864940000000001e-01
   7.1250000000000002e-01   9.9038707999999998e-01
   7.2191298000000004e-01   1.2500000000000000e+00
   7.2499999999999998e-01   1.2467923000000001e+00
   6.9999999999999996e-01   1.2703175000000000e+00
   7.0893346000000002e-01   1.2625000000000000e+00
   7.1250000000000002e-01   1.2592175000000001e+00
   7.2191298000000004e-01   1.2500000000000000e+00
   7.1250000000000002e-01   1.2592175000000001e+00
   7.0893346000000002e-01   1.2625000000000000e+00
   7.2499999999999998e-01   9.8848793999999995e-01
   7.2943365999999998e-01   9.8750000000000004e-01
   7.3994890999999996e-01   9.8505109000000002e-01
   7.3750000000000004e-01   9.8568487000000005e-01
   7.3750000000000004e-01   9.8568487000000005e-01
   7.2943365999999998e-01   9.8750000000000004e-01
   7.5000000000000000e-01   9.8248897000000002e-01
   7.3994890999999996e-01   9.8505109000000002e-01
   7.4416280999999995e-01   1.2250000000000001e+00
   7.5000000000000000e-01   1.2175019000000000e+00
   7.2499999999999998e-01   1.2467923000000001e+00
   7.3354326000000003e-01   1.2375000000000000e+00
   7.3750000000000004e-01   1.2329711000000001e+00
   7.4416280999999995e-01   1.2250000000000001e+00
   7.3750000000000004e-01   1.2329711000000001e+00
   7.3354326000000003e-01   1.2375000000000000e+00
   7.6951157000000003e-01   9.7499999999999998e-01
   7.7500000000000002e-01   9.7189789000000004e-01
   7.5724955000000005e-01   9.8025045000000000e-01
   7.5000000000000000e-01   9.8248897000000002e-01
   7.6249999999999996e-01   9.7880694000000001e-01
   7.6951157000000003e-01   9.7499999999999998e-01
   7.5724955000000005e-01   9.8025045000000000e-01
   7.6249999999999996e-01   9.7880694000000001e-01
   7.7500000000000002e-01   1.1796534999999999e+00
   7.7041744000000001e-01   1.1875000000000000e+00
   7.6251197000000004e-01   1.2000000000000000e+00
   7.6253196999999995e-01   1.1999679999999999e+00
   7.7041744000000001e-01   1.1875000000000000e+00
   7.6253196999999995e-01   1.1999679999999999e+00
   7.5000000000000000e-01   1.2175019000000000e+00
   7.5375970999999997e-01   1.2124999999999999e+00
   7.6249999999999996e-01   1.2000177999999999e+00
   7.6251197000000004e-01   1.2000000000000000e+00
   7.6249999999999996e-01   1.2000177999999999e+00
   7.5375970999999997e-01   1.2124999999999999e+00
   8.0000000000000004e-01   5.7884771999999995e-01
   7.9305077000000002e-01   5.8750000000000002e-01
   7.9091321999999997e-01   5.9999999999999998e-01
   7.9182602000000002e-01   5.9567398000000005e-01
   7.9305077000000002e-01   5.8750000000000002e-01
   7.9182602000000002e-01   5.9567398000000005e-01
   7.8514965999999997e-01   6.1250000000000004e-01
   7.8560795999999999e-01   6.1439204000000003e-01
   7.8749999999999998e-01   6.0741838999999997e-01
   7.9091321999999997e-01   5.9999999999999998e-01
   7.8749999999999998e-01   6.0741838999999997e-01
   7.8514965999999997e-01   6.1250000000000004e-01
   7.8560795999999999e-01   6.1439204000000003e-01
   7.8743415000000005e-01   6.2500000000000000e-01
   7.8718100999999996e-01   6.3749999999999996e-01
   7.8716509000000001e-01   6.3783491000000003e-01
   7.8743415000000005e-01   6.2500000000000000e-01
   7.8743304000000003e-01   6.2506695999999995e-01
   7.8743304000000003e-01   6.2506695999999995e-01
   7.8718100999999996e-01   6.3749999999999996e-01
   7.8716509000000001e-01   6.3783491000000003e-01
   7.8663375000000002e-01   6.5000000000000002e-01
   7.8663375000000002e-01   6.5000000000000002e-01
   7.8675866999999999e-01   6.5074133000000001e-01
   7.8880598999999996e-01   6.6119401000000000e-01
   7.8749999999999998e-01   6.5445352000000001e-01
   7.8675866999999999e-01   6.5074133000000001e-01
   7.8749999999999998e-01   6.5445352000000001e-01
   7.8914147999999995e-01   6.6249999999999998e-01
   7.8880598999999996e-01   6.6119401000000000e-01
   7.9350109000000002e-01   6.7500000000000004e-01
   7.9195769999999999e-01   6.7054230000000004e-01
   7.8914147999999995e-01   6.6249999999999998e-01
   7.9195769999999999e-01   6.7054230000000004e-01
   7.9496984999999998e-01   6.8003015000000000e-01
   7.9350109000000002e-01   6.7500000000000004e-01
   7.9741223999999999e-01   6.8750000000000000e-01
   7.9496984999999998e-01   6.8003015000000000e-01
   7.9825974000000000e-01   6.8924026000000005e-01
   8.0000000000000004e-01   6.9094705999999995e-01
   7.9741223999999999e-01   6.8750000000000000e-01
   7.9825974000000000e-01   6.8924026000000005e-01
   7.7500000000000002e-01   9.7189789000000004e-01
   7.8069577999999995e-01   9.6930422000000005e-01
   7.8069577999999995e-01   9.6930422000000005e-01
   7.8749999999999998e-01   9.6649381999999995e-01
   8.0000000000000004e-01   9.5144919999999999e-01
   7.9189796000000001e-01   9.6250000000000002e-01
   7.9189796000000001e-01   9.6250000000000002e-01
   7.8749999999999998e-01   9.6649381999999995e-01
   8.0000000000000004e-01   1.1277797000000001e+00
   7.9607227999999997e-01   1.1375000000000000e+00
   7.9049018000000004e-01   1.1499999999999999e+00
   7.9285888999999998e-01   1.1446411000000001e+00
   7.9607227999999997e-01   1.1375000000000000e+00
   7.9285888999999998e-01   1.1446411000000001e+00
   7.8433551999999995e-01   1.1625000000000001e+00
   7.8065339000000000e-01   1.1693465999999999e+00
   7.8749999999999998e-01   1.1561380999999999e+00
   7.9049018000000004e-01   1.1499999999999999e+00
   7.8749999999999998e-01   1.1561380999999999e+00
   7.8433551999999995e-01   1.1625000000000001e+00
   7.8065339000000000e-01   1.1693465999999999e+00
   7.7764913999999996e-01   1.1750000000000000e+00
   7.7764913999999996e-01   1.1750000000000000e+00
   7.7500000000000002e-01   1.1796534999999999e+00
   8.0449550000000003e-01   5.8300450000000004e-01
   8.0000000000000004e-01   5.7884771999999995e-01
   8.1292571000000002e-01   5.8707429000000000e-01
   8.1250000000000000e-01   5.8686563000000003e-01
   8.0449550000000003e-01   5.8300450000000004e-01
   8.1250000000000000e-01   5.8686563000000003e-01
   8.1322543000000003e-01   5.8750000000000002e-01
   8.1292571000000002e-01   5.8707429000000000e-01
   8.2083720000000004e-01   5.9999999999999998e-01
   8.1813754999999999e-01   5.9436244999999999e-01
   8.1322543000000003e-01   5.8750000000000002e-01
   8.1813754999999999e-01   5.9436244999999999e-01
   8.2199253000000005e-01   6.0300746999999999e-01
   8.2083720000000004e-01   5.9999999999999998e-01
   8.2499999999999996e-01   6.1098560999999996e-01
   8.2199253000000005e-01   6.0300746999999999e-01
   8.0000000000000004e-01   6.9094705999999995e-01
   8.0458251000000003e-01   6.9541748999999997e-01
   8.0458251000000003e-01   6.9541748999999997e-01
   8.0708049000000004e-01   6.9999999999999996e-01
   8.0708049000000004e-01   6.9999999999999996e-01
   8.0888274000000004e-01   7.0361726000000002e-01
   8.2126171999999997e-01   7.0373828000000005e-01
   8.1250000000000000e-01   7.0500985000000005e-01
   8.0888274000000004e-01   7.0361726000000002e-01
   8.1250000000000000e-01   7.0500985000000005e-01
   8.2499999999999996e-01   7.0320702000000002e-01
   8.2126171999999997e-01   7.0373828000000005e-01
   8.2499999999999996e-01   7.8509735999999997e-01
   8.2341160000000002e-01   7.8749999999999998e-01
   8.1849172000000003e-01   8.0000000000000004e-01
   8.2258286999999997e-01   7.8991712999999997e-01
   8.2341160000000002e-01   7.8749999999999998e-01
   8.2258286999999997e-01   7.8991712999999997e-01
   8.1430117000000002e-01   8.1069882999999998e-01
   8.1849172000000003e-01   8.0000000000000004e-01
   8.1361910999999998e-01   8.1250000000000000e-01
   8.1430117000000002e-01   8.1069882999999998e-01
   8.1523550000000000e-01   8.2499999999999996e-01
   8.1472767000000001e-01   8.2277233000000005e-01
   8.1361910999999998e-01   8.1250000000000000e-01
   8.1472767000000001e-01   8.2277233000000005e-01
   8.1823652000000002e-01   8.3176348000000000e-01
   8.1523550000000000e-01   8.2499999999999996e-01
   8.2027048999999996e-01   8.3750000000000002e-01
   8.1823652000000002e-01   8.3176348000000000e-01
   8.2438732000000003e-01   8.4999999999999998e-01
   8.2151288000000000e-01   8.4098711999999998e-01
   8.2027048999999996e-01   8.3750000000000002e-01
   8.2151288000000000e-01   8.4098711999999998e-01
   8.2454921999999997e-01   8.5045077999999996e-01
   8.2438732000000003e-01   8.4999999999999998e-01
   8.2499999999999996e-01   8.5160583000000001e-01
   8.2454921999999997e-01   8.5045077999999996e-01
   8.1250000000000000e-01   8.9886535999999995e-01
   8.1178673999999995e-01   9.0000000000000002e-01
   8.1344059000000002e-01   9.0000000000000002e-01
   8.1293084000000004e-01   8.9956915999999998e-01
   8.1293084000000004e-01   8.9956915999999998e-01
   8.1250000000000000e-01   8.9886535999999995e-01
   8.0289659999999996e-01   9.1249999999999998e-01
   8.0447215999999999e-01   9.2052783999999999e-01
   8.1178673999999995e-01   9.0000000000000002e-01
   8.1026474000000004e-01   9.0223525999999998e-01
   8.1941679999999995e-01   9.0558320000000003e-01
   8.1344059000000002e-01   9.0000000000000002e-01
   8.1026474000000004e-01   9.0223525999999998e-01
   8.0289659999999996e-01   9.1249999999999998e-01
   8.0447215999999999e-01   9.2052783999999999e-01
   8.0540455000000000e-01   9.2500000000000004e-01
   8.2212799999999997e-01   9.1249999999999998e-01
   8.1941679999999995e-01   9.0558320000000003e-01
   8.1912081999999997e-01   9.2500000000000004e-01
   8.2137874000000000e-01   9.1612126000000005e-01
   8.2212799999999997e-01   9.1249999999999998e-01
   8.2137874000000000e-01   9.1612126000000005e-01
   8.0384591000000005e-01   9.3750000000000000e-01
   8.0102107000000000e-01   9.4897893000000000e-01
   8.0540455000000000e-01   9.2500000000000004e-01
   8.0465728999999997e-01   9.3284270999999996e-01
   8.2000961000000006e-01   9.2999038999999994e-01
   8.1912081999999997e-01   9.2500000000000004e-01
   8.0465728999999997e-01   9.3284270999999996e-01
   8.0384591000000005e-01   9.3750000000000000e-01
   8.0102107000000000e-01   9.4897893000000000e-01
   8.0089186000000001e-01   9.4999999999999996e-01
   8.2176316000000005e-01   9.3750000000000000e-01
   8.2000961000000006e-01   9.2999038999999994e-01
   8.2253644999999997e-01   9.4999999999999996e-01
   8.2210196000000002e-01   9.4039804000000005e-01
   8.2176316000000005e-01   9.3750000000000000e-01
   8.2210196000000002e-01   9.4039804000000005e-01
   8.0089186000000001e-01   9.4999999999999996e-01
   8.0000000000000004e-01   9.5144919999999999e-01
   8.2272265000000000e-01   9.5227735000000002e-01
   8.2253644999999997e-01   9.4999999999999996e-01
   8.2395803000000001e-01   9.6250000000000002e-01
   8.2272265000000000e-01   9.5227735000000002e-01
   8.2435102999999998e-01   9.7499999999999998e-01
   8.2398150999999997e-01   9.6351849000000001e-01
   8.2395803000000001e-01   9.6250000000000002e-01
   8.2398150999999997e-01   9.6351849000000001e-01
   8.2445822999999996e-01   9.7554176999999997e-01
   8.2435102999999998e-01   9.7499999999999998e-01
   8.2499999999999996e-01   9.7807146000000000e-01
   8.2445822999999996e-01   9.7554176999999997e-01
   8.2499999999999996e-01   1.0278324000000001e+00
   8.2435899000000001e-01   1.0375000000000001e+00
   8.2204635000000004e-01   1.0500000000000000e+00
   8.2420614000000003e-01   1.0382939000000000e+00
   8.2435899000000001e-01   1.0375000000000001e+00
   8.2420614000000003e-01   1.0382939000000000e+00
   8.2140575000000005e-01   1.0535942000000000e+00
   8.2204635000000004e-01   1.0500000000000000e+00
   8.1981704000000000e-01   1.0625000000000000e+00
   8.2140575000000005e-01   1.0535942000000000e+00
   8.1667126000000001e-01   1.0750000000000000e+00
   8.1804432000000005e-01   1.0694557000000000e+00
   8.1981704000000000e-01   1.0625000000000000e+00
   8.1804432000000005e-01   1.0694557000000000e+00
   8.1402613000000001e-01   1.0859738999999999e+00
   8.1667126000000001e-01   1.0750000000000000e+00
   8.1250000000000000e-01   1.0913170000000001e+00
   8.0981230000000004e-01   1.1000000000000001e+00
   8.1366594000000003e-01   1.0874999999999999e+00
   8.1402613000000001e-01   1.0859738999999999e+00
   8.1366594000000003e-01   1.0874999999999999e+00
   8.1250000000000000e-01   1.0913170000000001e+00
   8.0568499999999998e-01   1.1125000000000000e+00
   8.0172849999999996e-01   1.1232715000000000e+00
   8.0981230000000004e-01   1.1000000000000001e+00
   8.0846686000000001e-01   1.1040331000000001e+00
   8.0846686000000001e-01   1.1040331000000001e+00
   8.0568499999999998e-01   1.1125000000000000e+00
   8.0172849999999996e-01   1.1232715000000000e+00
   8.0110528000000003e-01   1.1250000000000000e+00
   8.0110528000000003e-01   1.1250000000000000e+00
   8.0000000000000004e-01   1.1277797000000001e+00
   8.2557128999999996e-01   6.1250000000000004e-01
   8.2831748000000005e-01   6.2168252000000002e-01
   8.2541288999999995e-01   6.1208711000000005e-01
   8.2499999999999996e-01   6.1098560999999996e-01
   8.2541288999999995e-01   6.1208711000000005e-01
   8.2557128999999996e-01   6.1250000000000004e-01
   8.2831748000000005e-01   6.2168252000000002e-01
   8.2906489999999999e-01   6.2500000000000000e-01
   8.3032463999999995e-01   6.3749999999999996e-01
   8.3103596000000002e-01   6.4396403999999996e-01
   8.2906489999999999e-01   6.2500000000000000e-01
   8.2987518999999998e-01   6.3262481000000004e-01
   8.2987518999999998e-01   6.3262481000000004e-01
   8.3032463999999995e-01   6.3749999999999996e-01
   8.3103596000000002e-01   6.4396403999999996e-01
   8.3194226999999998e-01   6.5000000000000002e-01
   8.3634032999999997e-01   6.6249999999999998e-01
   8.3660427000000004e-01   6.6339572999999996e-01
   8.3194226999999998e-01   6.5000000000000002e-01
   8.3332117000000006e-01   6.5417882999999999e-01
   8.3332117000000006e-01   6.5417882999999999e-01
   8.3634032999999997e-01   6.6249999999999998e-01
   8.3660427000000004e-01   6.6339572999999996e-01
   8.3750000000000002e-01   6.6654857999999995e-01
   8.3993218000000003e-01   6.7500000000000004e-01
   8.3931515999999995e-01   6.7318484000000001e-01
   8.3931515999999995e-01   6.7318484000000001e-01
   8.3750000000000002e-01   6.6654857999999995e-01
   8.4105191999999995e-01   6.8394807999999996e-01
   8.3993218000000003e-01   6.7500000000000004e-01
   8.3750000000000002e-01   6.9389436999999998e-01
   8.3077716000000001e-01   6.9999999999999996e-01
   8.4139315999999997e-01   6.8750000000000000e-01
   8.4105191999999995e-01   6.8394807999999996e-01
   8.4139315999999997e-01   6.8750000000000000e-01
   8.3750000000000002e-01   6.9389436999999998e-01
   8.3512881000000005e-01   7.1250000000000002e-01
   8.3591201999999998e-01   7.1408797999999996e-01
   8.3077716000000001e-01   6.9999999999999996e-01
   8.2499999999999996e-01   7.0320702000000002e-01
   8.3913819000000001e-01   7.1086181000000004e-01
   8.3750000000000002e-01   7.0789670999999998e-01
   8.3750000000000002e-01   7.0789670999999998e-01
   8.3512881000000005e-01   7.1250000000000002e-01
   8.3591201999999998e-01   7.1408797999999996e-01
   8.3750000000000002e-01   7.1803384000000003e-01
   8.3966980000000002e-01   7.1250000000000002e-01
   8.3913819000000001e-01   7.1086181000000004e-01
   8.3966980000000002e-01   7.1250000000000002e-01
   8.3750000000000002e-01   7.1803384000000003e-01
   8.2654910000000004e-01   7.8749999999999998e-01
   8.2988249000000003e-01   7.9511750999999997e-01
   8.2602642999999998e-01   7.8647356999999996e-01
   8.2499999999999996e-01   7.8509735999999997e-01
   8.2602642999999998e-01   7.8647356999999996e-01
   8.2654910000000004e-01   7.8749999999999998e-01
   8.2988249000000003e-01   7.9511750999999997e-01
   8.3242674999999999e-01   8.0000000000000004e-01
   8.3522364000000004e-01   8.1250000000000000e-01
   8.3470772000000004e-01   8.1529227999999998e-01
   8.3242674999999999e-01   8.0000000000000004e-01
   8.3393497999999999e-01   8.0356501999999996e-01
   8.3393497999999999e-01   8.0356501999999996e-01
   8.3522364000000004e-01   8.1250000000000000e-01
   8.3470772000000004e-01   8.1529227999999998e-01
   8.3324014999999996e-01   8.2499999999999996e-01
   8.2946540000000002e-01   8.3750000000000002e-01
   8.2586165000000000e-01   8.4913835000000004e-01
   8.3324014999999996e-01   8.2499999999999996e-01
   8.3124558999999998e-01   8.3125441000000000e-01
   8.3124558999999998e-01   8.3125441000000000e-01
   8.2946540000000002e-01   8.3750000000000002e-01
   8.2586165000000000e-01   8.4913835000000004e-01
   8.2561116000000001e-01   8.4999999999999998e-01
   8.2561116000000001e-01   8.4999999999999998e-01
   8.2499999999999996e-01   8.5160583000000001e-01
   8.2694363000000004e-01   9.8750000000000004e-01
   8.2632901000000003e-01   9.9867099000000004e-01
   8.2670306000000005e-01   9.8579693999999995e-01
   8.2499999999999996e-01   9.7807146000000000e-01
   8.2670306000000005e-01   9.8579693999999995e-01
   8.2694363000000004e-01   9.8750000000000004e-01
   8.2632901000000003e-01   9.9867099000000004e-01
   8.2628146999999996e-01   1.0000000000000000e+00
   8.2712916000000003e-01   1.0125000000000000e+00
   8.2522061000000002e-01   1.0247793999999999e+00
   8.2628146999999996e-01   1.0000000000000000e+00
   8.2700909000000000e-01   1.0104909000000000e+00
   8.2700909000000000e-01   1.0104909000000000e+00
   8.2712916000000003e-01   1.0125000000000000e+00
   8.2522061000000002e-01   1.0247793999999999e+00
   8.2518707999999996e-01   1.0249999999999999e+00
   8.2518707999999996e-01   1.0249999999999999e+00
   8.2499999999999996e-01   1.0278324000000001e+00
   4.9891770000000002e-01   9.9891770000000002e-01
   5.0000000000000000e-01   9.9891912000000005e-01
   4.7499999999999998e-01   9.9885299000000005e-01
   4.8639685999999999e-01   9.9889686000000000e-01
   4.8749999999999999e-01   9.9890137999999995e-01
   4.9891770000000002e-01   9.9891770000000002e-01
   4.8749999999999999e-01   9.9890137999999995e-01
   4.8639685999999999e-01   9.9889686000000000e-01
   4.9492723999999999e-01   1.3449272000000001e+00
   5.0000000000000000e-01   1.3450700000000000e+00
   4.7499999999999998e-01   1.3437372999999999e+00
   4.8175361000000000e-01   1.3442536000000000e+00
   4.8749999999999999e-01   1.3447146000000001e+00
   4.9492723999999999e-01   1.3449272000000001e+00
   4.8749999999999999e-01   1.3447146000000001e+00
   4.8175361000000000e-01   1.3442536000000000e+00
   4.7384356000000000e-01   9.9884355999999996e-01
   4.7499999999999998e-01   9.9885299000000005e-01
   4.5000000000000001e-01   9.9862527000000001e-01
   4.6123628999999999e-01   9.9873628999999997e-01
   4.6250000000000002e-01   9.9874909999999995e-01
   4.7384356000000000e-01   9.9884355999999996e-01
   4.6250000000000002e-01   9.9874909999999995e-01
   4.6123628999999999e-01   9.9873628999999997e-01
   4.6793043000000001e-01   1.3429304000000000e+00
   4.7499999999999998e-01   1.3437372999999999e+00
   4.5000000000000001e-01   1.3404046999999999e+00
   4.5341625000000002e-01   1.3409162999999999e+00
   4.6250000000000002e-01   1.3423280000000000e+00
   4.6793043000000001e-01   1.3429304000000000e+00
   4.6250000000000002e-01   1.3423280000000000e+00
   4.5341625000000002e-01   1.3409162999999999e+00
   4.4860198000000001e-01   9.9860198000000000e-01
   4.5000000000000001e-01   9.9862527000000001e-01
   4.2499999999999999e-01   9.9819106000000002e-01
   4.3588536000000000e-01   9.9838536000000000e-01
   4.3750000000000000e-01   9.9841477999999995e-01
   4.4860198000000001e-01   9.9860198000000000e-01
   4.3750000000000000e-01   9.9841477999999995e-01
   4.3588536000000000e-01   9.9838536000000000e-01
   4.3810703000000001e-01   1.3381069999999999e+00
   4.5000000000000001e-01   1.3404046999999999e+00
   4.3543555000000000e-01   1.3374999999999999e+00
   4.2499999999999999e-01   1.3349768000000000e+00
   4.3750000000000000e-01   1.3379935000000001e+00
   4.3810703000000001e-01   1.3381069999999999e+00
   4.3543555000000000e-01   1.3374999999999999e+00
   4.3750000000000000e-01   1.3379935000000001e+00
   4.2314971000000001e-01   9.9814970999999997e-01
   4.2499999999999999e-01   9.9819106000000002e-01
   4.0000000000000002e-01   9.9760232000000004e-01
   4.1035624999999998e-01   9.9785625000000000e-01
   4.1249999999999998e-01   9.9790959000000001e-01
   4.2314971000000001e-01   9.9814970999999997e-01
   4.1249999999999998e-01   9.9790959000000001e-01
   4.1035624999999998e-01   9.9785625000000000e-01
   4.1249999999999998e-01   1.3314614000000000e+00
   4.0360425999999999e-01   1.3286043000000001e+00
   4.2499999999999999e-01   1.3349768000000000e+00
   4.2146582999999999e-01   1.3339658000000001e+00
   4.2146582999999999e-01   1.3339658000000001e+00
   4.1249999999999998e-01   1.3314614000000000e+00
   4.0360425999999999e-01   1.3286043000000001e+00
   4.0000000000000002e-01   1.3274745999999999e+00
   3.9752380999999998e-01   9.9752381000000001e-01
   4.0000000000000002e-01   9.9760232000000004e-01
   3.7500000000000000e-01   9.9678750999999999e-01
   3.8460694000000001e-01   9.9710694000000000e-01
   3.8750000000000001e-01   9.9720456000000002e-01
   3.9752380999999998e-01   9.9752381000000001e-01
   3.8750000000000001e-01   9.9720456000000002e-01
   3.8460694000000001e-01   9.9710694000000000e-01
   3.7500000000000000e-01   1.3177459000000000e+00
   3.8386795000000001e-01   1.3213679000000000e+00
   3.9321323000000002e-01   1.3250000000000000e+00
   3.8750000000000001e-01   1.3228800999999999e+00
   3.8750000000000001e-01   1.3228800999999999e+00
   3.8386795000000001e-01   1.3213679000000000e+00
   4.0000000000000002e-01   1.3274745999999999e+00
   3.9321323000000002e-01   1.3250000000000000e+00
   3.7165046000000002e-01   9.9665046000000002e-01
   3.7500000000000000e-01   9.9678750999999999e-01
   3.4999999999999998e-01   9.9571180999999997e-01
   3.5859611000000002e-01   9.9609610999999998e-01
   3.6249999999999999e-01   9.9627429999999995e-01
   3.7165046000000002e-01   9.9665046000000002e-01
   3.6249999999999999e-01   9.9627429999999995e-01
   3.5859611000000002e-01   9.9609610999999998e-01
   3.6249999999999999e-01   1.3119746000000001e+00
   3.6137033000000002e-01   1.3113703000000001e+00
   3.6360946999999999e-01   1.3125000000000000e+00
   3.7500000000000000e-01   1.3177459000000000e+00
   3.6360946999999999e-01   1.3125000000000000e+00
   3.6249999999999999e-01   1.3119746000000001e+00
   3.6137033000000002e-01   1.3113703000000001e+00
   3.4999999999999998e-01   1.3053824000000001e+00
   3.4544949000000003e-01   9.9544949000000005e-01
   3.4999999999999998e-01   9.9571180999999997e-01
   3.2500000000000001e-01   9.9423247000000003e-01
   3.3216235000000000e-01   9.9466235000000003e-01
   3.3750000000000002e-01   9.9498934000000006e-01
   3.4544949000000003e-01   9.9544949000000005e-01
   3.3750000000000002e-01   9.9498934000000006e-01
   3.3216235000000000e-01   9.9466235000000003e-01
   3.2500000000000001e-01   1.2901537999999999e+00
   3.3234397999999998e-01   1.2948440000000001e+00
   3.4058833999999999e-01   1.3000000000000000e+00
   3.3750000000000002e-01   1.2981779000000000e+00
   3.3750000000000002e-01   1.2981779000000000e+00
   3.3234397999999998e-01   1.2948440000000001e+00
   3.4999999999999998e-01   1.3053824000000001e+00
   3.4058833999999999e-01   1.3000000000000000e+00
   3.1871264999999999e-01   9.9371264999999998e-01
   3.2500000000000001e-01   9.9423247000000003e-01
   2.9999999999999999e-01   9.9201022999999999e-01
   3.0498061999999998e-01   9.9248062000000004e-01
   3.1250000000000000e-01   9.9320578000000004e-01
   3.1871264999999999e-01   9.9371264999999998e-01
   3.1250000000000000e-01   9.9320578000000004e-01
   3.0498061999999998e-01   9.9248062000000004e-01
   2.9999999999999999e-01   1.2711840000000001e+00
   3.0467375000000002e-01   1.2749999999999999e+00
   3.0467375000000002e-01   1.2749999999999999e+00
   3.1250000000000000e-01   1.2811526000000000e+00
   3.2119903999999999e-01   1.2875000000000001e+00
   3.2500000000000001e-01   1.2901537999999999e+00
   3.2119903999999999e-01   1.2875000000000001e+00
   3.1250000000000000e-01   1.2811526000000000e+00
   2.9083670000000000e-01   9.9083670000000001e-01
   2.9999999999999999e-01   9.9201022999999999e-01
   2.7500000000000002e-01   9.8863111999999997e-01
   2.7629936999999999e-01   9.8879936999999996e-01
   2.8749999999999998e-01   9.9039615999999997e-01
   2.9083670000000000e-01   9.9083670000000001e-01
   2.8749999999999998e-01   9.9039615999999997e-01
   2.7629936999999999e-01   9.8879936999999996e-01
   2.7500000000000002e-01   1.2478119999999999e+00
   2.7710897000000001e-01   1.2500000000000000e+00
   2.7710897000000001e-01   1.2500000000000000e+00
   2.8749999999999998e-01   1.2601598000000001e+00
   2.9004841999999997e-01   1.2625000000000000e+00
   2.9999999999999999e-01   1.2711840000000001e+00
   2.9004841999999997e-01   1.2625000000000000e+00
   2.8749999999999998e-01   1.2601598000000001e+00
   2.6250000000000001e-01   9.8590162999999997e-01
   2.6044879999999998e-01   9.8544880000000001e-01
   2.6980260000000000e-01   9.8750000000000004e-01
   2.7500000000000002e-01   9.8863111999999997e-01
   2.6980260000000000e-01   9.8750000000000004e-01
   2.6250000000000001e-01   9.8590162999999997e-01
   2.6044879999999998e-01   9.8544880000000001e-01
   2.5000000000000000e-01   9.8320156000000003e-01
   2.5000000000000000e-01   1.2186204000000000e+00
   2.5494064000000000e-01   1.2250000000000001e+00
   2.5494064000000000e-01   1.2250000000000001e+00
   2.6250000000000001e-01   1.2340561000000001e+00
   2.6551039999999998e-01   1.2375000000000000e+00
   2.7500000000000002e-01   1.2478119999999999e+00
   2.6551039999999998e-01   1.2375000000000000e+00
   2.6250000000000001e-01   1.2340561000000001e+00
   2.2500000000000001e-01   9.7431705999999996e-01
   2.2647897000000000e-01   9.7499999999999998e-01
   2.2647897000000000e-01   9.7499999999999998e-01
   2.3749999999999999e-01   9.7976638999999999e-01
   2.5000000000000000e-01   9.8320156000000003e-01
   2.4400044000000001e-01   9.8150044000000003e-01
   2.4400044000000001e-01   9.8150044000000003e-01
   2.3749999999999999e-01   9.7976638999999999e-01
   2.3532705000000001e-01   1.1978271000000000e+00
   2.3669061999999999e-01   1.2000000000000000e+00
   2.2877617000000000e-01   1.1875000000000000e+00
   2.2500000000000001e-01   1.1810319000000000e+00
   2.2877617000000000e-01   1.1875000000000000e+00
   2.3532705000000001e-01   1.1978271000000000e+00
   2.3669061999999999e-01   1.2000000000000000e+00
   2.3749999999999999e-01   1.2011989999999999e+00
   2.4541743999999999e-01   1.2124999999999999e+00
   2.5000000000000000e-01   1.2186204000000000e+00
   2.4541743999999999e-01   1.2124999999999999e+00
   2.3749999999999999e-01   1.2011989999999999e+00
   2.1249999999999999e-01   5.8294745000000003e-01
   2.0428400999999999e-01   5.7928400999999996e-01
   2.1542845999999999e-01   5.9042846000000004e-01
   2.1685094999999999e-01   5.8750000000000002e-01
   2.1685094999999999e-01   5.8750000000000002e-01
   2.1249999999999999e-01   5.8294745000000003e-01
   2.0428400999999999e-01   5.7928400999999996e-01
   2.0000000000000001e-01   5.7716093000000002e-01
   2.1334870000000000e-01   5.9999999999999998e-01
   2.1542845999999999e-01   5.9042846000000004e-01
   2.1369231000000000e-01   6.0119230999999995e-01
   2.1334870000000000e-01   5.9999999999999998e-01
   2.1621710999999999e-01   6.1621711000000001e-01
   2.1674061999999999e-01   6.1250000000000004e-01
   2.1369231000000000e-01   6.0119230999999995e-01
   2.1674061999999999e-01   6.1250000000000004e-01
   2.1504409999999999e-01   6.2500000000000000e-01
   2.1621710999999999e-01   6.1621711000000001e-01
   2.1513784000000000e-01   6.2763784000000000e-01
   2.1504409999999999e-01   6.2500000000000000e-01
   2.1570117999999999e-01   6.4070117999999998e-01
   2.1565508999999999e-01   6.3749999999999996e-01
   2.1513784000000000e-01   6.2763784000000000e-01
   2.1565508999999999e-01   6.3749999999999996e-01
   2.1582868999999999e-01   6.5000000000000002e-01
   2.1570117999999999e-01   6.4070117999999998e-01
   2.1598837000000001e-01   6.5348837000000004e-01
   2.1582868999999999e-01   6.5000000000000002e-01
   2.1509681000000000e-01   6.6509680999999998e-01
   2.1606269000000000e-01   6.6249999999999998e-01
   2.1598837000000001e-01   6.5348837000000004e-01
   2.1606269000000000e-01   6.6249999999999998e-01
   2.1058402000000001e-01   6.7308402000000001e-01
   2.0849596000000001e-01   6.7500000000000004e-01
   2.1249999999999999e-01   6.6955933999999995e-01
   2.1509681000000000e-01   6.6509680999999998e-01
   2.1249999999999999e-01   6.6955933999999995e-01
   2.1058402000000001e-01   6.7308402000000001e-01
   2.0849596000000001e-01   6.7500000000000004e-01
   2.0396824999999999e-01   6.7896825000000005e-01
   2.0396824999999999e-01   6.7896825000000005e-01
   2.0000000000000001e-01   6.8290706000000001e-01
   2.2352224000000001e-01   9.7352223999999998e-01
   2.2500000000000001e-01   9.7431705999999996e-01
   2.0537213000000001e-01   9.6250000000000002e-01
   2.0000000000000001e-01   9.5613283000000004e-01
   2.1249999999999999e-01   9.6771068000000005e-01
   2.2352224000000001e-01   9.7352223999999998e-01
   2.0537213000000001e-01   9.6250000000000002e-01
   2.1249999999999999e-01   9.6771068000000005e-01
   2.0574500000000001e-01   1.1432450000000001e+00
   2.0874929000000000e-01   1.1499999999999999e+00
   2.0314387000000000e-01   1.1375000000000000e+00
   2.0000000000000001e-01   1.1296968000000001e+00
   2.0314387000000000e-01   1.1375000000000000e+00
   2.0574500000000001e-01   1.1432450000000001e+00
   2.0874929000000000e-01   1.1499999999999999e+00
   2.1249999999999999e-01   1.1577059999999999e+00
   2.1766209000000000e-01   1.1676621000000000e+00
   2.1488173999999999e-01   1.1625000000000001e+00
   2.1488173999999999e-01   1.1625000000000001e+00
   2.1249999999999999e-01   1.1577059999999999e+00
   2.2156782000000000e-01   1.1750000000000000e+00
   2.1766209000000000e-01   1.1676621000000000e+00
   2.2500000000000001e-01   1.1810319000000000e+00
   2.2156782000000000e-01   1.1750000000000000e+00
   2.0000000000000001e-01   5.7716093000000002e-01
   1.9360832000000000e-01   5.8110832000000001e-01
   1.8838617999999999e-01   5.8838617999999998e-01
   1.8902694000000000e-01   5.8750000000000002e-01
   1.9360832000000000e-01   5.8110832000000001e-01
   1.8902694000000000e-01   5.8750000000000002e-01
   1.8141431000000000e-01   5.9391430999999995e-01
   1.7925970999999999e-01   5.9999999999999998e-01
   1.8750000000000000e-01   5.8916776000000004e-01
   1.8838617999999999e-01   5.8838617999999998e-01
   1.8750000000000000e-01   5.8916776000000004e-01
   1.8141431000000000e-01   5.9391430999999995e-01
   1.7925970999999999e-01   5.9999999999999998e-01
   1.7832737000000001e-01   6.0332737000000003e-01
   1.7832737000000001e-01   6.0332737000000003e-01
   1.7499999999999999e-01   6.1213463000000001e-01
   2.0000000000000001e-01   6.8290706000000001e-01
   1.9767040999999999e-01   6.8517041000000001e-01
   1.9042263000000001e-01   6.9042263000000004e-01
   1.9393035000000000e-01   6.8750000000000000e-01
   1.9767040999999999e-01   6.8517041000000001e-01
   1.9393035000000000e-01   6.8750000000000000e-01
   1.8923027000000001e-01   6.9999999999999996e-01
   1.9042263000000001e-01   6.9042263000000004e-01
   1.8750000000000000e-01   7.0168469000000000e-01
   1.7697999000000000e-01   7.0197999000000000e-01
   1.8976802000000001e-01   7.0226801999999999e-01
   1.8923027000000001e-01   6.9999999999999996e-01
   1.8976802000000001e-01   7.0226801999999999e-01
   1.8750000000000000e-01   7.0168469000000000e-01
   1.7697999000000000e-01   7.0197999000000000e-01
   1.7499999999999999e-01   7.0308957999999999e-01
   1.7499999999999999e-01   7.9587403000000001e-01
   1.7759911000000000e-01   8.0000000000000004e-01
   1.7759911000000000e-01   8.0000000000000004e-01
   1.8010301000000001e-01   8.0510300999999995e-01
   1.8010301000000001e-01   8.0510300999999995e-01
   1.8416043000000001e-01   8.1250000000000000e-01
   1.8849766000000001e-01   8.2499999999999996e-01
   1.8750000000000000e-01   8.2215738999999999e-01
   1.8416043000000001e-01   8.1250000000000000e-01
   1.8750000000000000e-01   8.2215738999999999e-01
   1.8750000000000000e-01   8.3505001999999995e-01
   1.8726495000000001e-01   8.3726495000000001e-01
   1.8838566000000001e-01   8.2588565999999997e-01
   1.8849766000000001e-01   8.2499999999999996e-01
   1.8838566000000001e-01   8.2588565999999997e-01
   1.8750000000000000e-01   8.3505001999999995e-01
   1.8019329000000001e-01   8.4269329000000004e-01
   1.7876706000000001e-01   8.4999999999999998e-01
   1.8726495000000001e-01   8.3726495000000001e-01
   1.8705683000000001e-01   8.3750000000000002e-01
   1.8705683000000001e-01   8.3750000000000002e-01
   1.8019329000000001e-01   8.4269329000000004e-01
   1.7876706000000001e-01   8.4999999999999998e-01
   1.7914715000000000e-01   8.5414714999999997e-01
   1.7499999999999999e-01   8.7192016000000006e-01
   1.7794003999999999e-01   8.6544003999999997e-01
   1.7914715000000000e-01   8.5414714999999997e-01
   1.7909565999999999e-01   8.6250000000000004e-01
   1.7909565999999999e-01   8.6250000000000004e-01
   1.7794003999999999e-01   8.6544003999999997e-01
   1.8750000000000000e-01   9.0039544999999999e-01
   1.8198777999999999e-01   9.0698778000000002e-01
   1.9448881000000001e-01   9.1948881000000005e-01
   1.9532124000000001e-01   9.1249999999999998e-01
   1.9532124000000001e-01   9.1249999999999998e-01
   1.8750000000000000e-01   9.0039544999999999e-01
   1.7649308000000000e-01   9.1399308000000001e-01
   1.8160125999999999e-01   9.2500000000000004e-01
   1.8198777999999999e-01   9.0698778000000002e-01
   1.7618160999999999e-01   9.1249999999999998e-01
   1.9367393999999999e-01   9.2500000000000004e-01
   1.9448881000000001e-01   9.1948881000000005e-01
   1.7618160999999999e-01   9.1249999999999998e-01
   1.7649308000000000e-01   9.1399308000000001e-01
   1.8160125999999999e-01   9.2500000000000004e-01
   1.8023358000000000e-01   9.3023358000000000e-01
   1.9516818999999999e-01   9.3266819000000001e-01
   1.9367393999999999e-01   9.2500000000000004e-01
   1.9674649000000000e-01   9.4674649000000000e-01
   1.9639342000000001e-01   9.3750000000000000e-01
   1.9516818999999999e-01   9.3266819000000001e-01
   1.9639342000000001e-01   9.3750000000000000e-01
   1.7499999999999999e-01   9.4249844000000005e-01
   1.7859047000000000e-01   9.4999999999999996e-01
   1.8023358000000000e-01   9.3023358000000000e-01
   1.7499999999999999e-01   9.3441264999999996e-01
   1.9642891000000001e-01   9.4999999999999996e-01
   1.9674649000000000e-01   9.4674649000000000e-01
   1.7859047000000000e-01   9.4999999999999996e-01
   1.7751141000000001e-01   9.5251140999999995e-01
   2.0000000000000001e-01   9.5613283000000004e-01
   1.9642891000000001e-01   9.4999999999999996e-01
   1.7499999999999999e-01   9.7184123000000000e-01
   1.7552432000000001e-01   9.7499999999999998e-01
   1.7751141000000001e-01   9.5251140999999995e-01
   1.7499999999999999e-01   9.5855215000000005e-01
   1.7552432000000001e-01   9.7499999999999998e-01
   1.7542534000000001e-01   9.7542534000000003e-01
   1.7542534000000001e-01   9.7542534000000003e-01
   1.7499999999999999e-01   9.7673653999999999e-01
   1.7499999999999999e-01   1.0392683000000000e+00
   1.7705619000000000e-01   1.0500000000000000e+00
   1.7705619000000000e-01   1.0500000000000000e+00
   1.7754017999999999e-01   1.0525401999999999e+00
   1.8087146000000001e-01   1.0683715000000000e+00
   1.8249497000000001e-01   1.0750000000000000e+00
   1.7754017999999999e-01   1.0525401999999999e+00
   1.7940059999999999e-01   1.0625000000000000e+00
   1.7940059999999999e-01   1.0625000000000000e+00
   1.8087146000000001e-01   1.0683715000000000e+00
   1.8249497000000001e-01   1.0750000000000000e+00
   1.8495949000000000e-01   1.0849595000000001e+00
   1.8495949000000000e-01   1.0849595000000001e+00
   1.8557583000000000e-01   1.0874999999999999e+00
   1.8940324000000000e-01   1.1000000000000001e+00
   1.8750000000000000e-01   1.0938249000000000e+00
   1.8557583000000000e-01   1.0874999999999999e+00
   1.8750000000000000e-01   1.0938249000000000e+00
   1.9036760999999999e-01   1.1028675999999999e+00
   1.8940324000000000e-01   1.1000000000000001e+00
   1.9708302000000000e-01   1.1220829999999999e+00
   1.9355517000000000e-01   1.1125000000000000e+00
   1.9036760999999999e-01   1.1028675999999999e+00
   1.9355517000000000e-01   1.1125000000000000e+00
   1.9813860000000000e-01   1.1250000000000000e+00
   1.9708302000000000e-01   1.1220829999999999e+00
   2.0000000000000001e-01   1.1296968000000001e+00
   1.9813860000000000e-01   1.1250000000000000e+00
   1.7499999999999999e-01   6.1213463000000001e-01
   1.7490090000000000e-01   6.1240090000000003e-01
   1.7322726999999999e-01   6.2322727000000000e-01
   1.7486926999999999e-01   6.1250000000000004e-01
   1.7490090000000000e-01   6.1240090000000003e-01
   1.7486926999999999e-01   6.1250000000000004e-01
   1.7305535000000000e-01   6.2500000000000000e-01
   1.7322726999999999e-01   6.2322727000000000e-01
   1.7246896000000000e-01   6.3496896000000003e-01
   1.7305535000000000e-01   6.2500000000000000e-01
   1.6955160999999999e-01   6.4455161000000005e-01
   1.7217922999999999e-01   6.3749999999999996e-01
   1.7246896000000000e-01   6.3496896000000003e-01
   1.7217922999999999e-01   6.3749999999999996e-01
   1.6719993999999999e-01   6.5000000000000002e-01
   1.6955160999999999e-01   6.4455161000000005e-01
   1.6250000000000001e-01   6.6093566999999998e-01
   1.6202925000000001e-01   6.6202925000000001e-01
   1.6583977999999999e-01   6.5333978000000004e-01
   1.6719993999999999e-01   6.5000000000000002e-01
   1.6583977999999999e-01   6.5333978000000004e-01
   1.6250000000000001e-01   6.6093566999999998e-01
   1.5898936000000000e-01   6.7148936000000004e-01
   1.5828718000000000e-01   6.7500000000000004e-01
   1.6202925000000001e-01   6.6202925000000001e-01
   1.6182100999999999e-01   6.6249999999999998e-01
   1.6182100999999999e-01   6.6249999999999998e-01
   1.5898936000000000e-01   6.7148936000000004e-01
   1.5828718000000000e-01   6.7500000000000004e-01
   1.6061903000000000e-01   6.8561903000000002e-01
   1.6061903000000000e-01   6.8561903000000002e-01
   1.6095641999999999e-01   6.8750000000000000e-01
   1.7084109000000000e-01   6.9999999999999996e-01
   1.6250000000000001e-01   6.9061857000000004e-01
   1.6095641999999999e-01   6.8750000000000000e-01
   1.6250000000000001e-01   6.9061857000000004e-01
   1.6250000000000001e-01   7.0542411000000005e-01
   1.5814557000000001e-01   7.0814557000000000e-01
   1.7499999999999999e-01   7.0308957999999999e-01
   1.7084109000000000e-01   6.9999999999999996e-01
   1.6930627000000001e-01   7.1930627000000003e-01
   1.6827591000000000e-01   7.1250000000000002e-01
   1.6827591000000000e-01   7.1250000000000002e-01
   1.6250000000000001e-01   7.0542411000000005e-01
   1.5677458999999999e-01   7.1927459000000005e-01
   1.5640561000000000e-01   7.2499999999999998e-01
   1.5814557000000001e-01   7.0814557000000000e-01
   1.5668399999999999e-01   7.1250000000000002e-01
   1.6921575000000000e-01   7.2499999999999998e-01
   1.6930627000000001e-01   7.1930627000000003e-01
   1.5668399999999999e-01   7.1250000000000002e-01
   1.5677458999999999e-01   7.1927459000000005e-01
   1.5640561000000000e-01   7.2499999999999998e-01
   1.6250000000000001e-01   7.3272831000000005e-01
   1.6650701000000001e-01   7.2900701000000001e-01
   1.6921575000000000e-01   7.2499999999999998e-01
   1.6650701000000001e-01   7.2900701000000001e-01
   1.6250000000000001e-01   7.3272831000000005e-01
   1.7337226000000000e-01   7.9837225999999994e-01
   1.7499999999999999e-01   7.9587403000000001e-01
   1.7215514000000001e-01   8.0000000000000004e-01
   1.7337226000000000e-01   7.9837225999999994e-01
   1.6825628000000001e-01   8.0575627999999999e-01
   1.7215514000000001e-01   8.0000000000000004e-01
   1.6400226000000001e-01   8.1400225999999998e-01
   1.6446440000000001e-01   8.1250000000000000e-01
   1.6825628000000001e-01   8.0575627999999999e-01
   1.6446440000000001e-01   8.1250000000000000e-01
   1.6440680999999999e-01   8.2499999999999996e-01
   1.6400226000000001e-01   8.1400225999999998e-01
   1.6570799000000000e-01   8.2820799000000001e-01
   1.6440680999999999e-01   8.2499999999999996e-01
   1.7015400999999999e-01   8.4515401000000001e-01
   1.6861782000000000e-01   8.3750000000000002e-01
   1.6570799000000000e-01   8.2820799000000001e-01
   1.6861782000000000e-01   8.3750000000000002e-01
   1.7107338999999999e-01   8.4999999999999998e-01
   1.7015400999999999e-01   8.4515401000000001e-01
   1.7112341000000000e-01   8.5862340999999998e-01
   1.7107338999999999e-01   8.4999999999999998e-01
   1.7112100000000000e-01   8.6250000000000004e-01
   1.7499999999999999e-01   8.7192016000000006e-01
   1.7112341000000000e-01   8.5862340999999998e-01
   1.7112100000000000e-01   8.6250000000000004e-01
   1.7499999999999999e-01   9.3441264999999996e-01
   1.7328278999999999e-01   9.3578278999999998e-01
   1.7268956999999999e-01   9.3750000000000000e-01
   1.7499999999999999e-01   9.4249844000000005e-01
   1.7328278999999999e-01   9.3578278999999998e-01
   1.7268956999999999e-01   9.3750000000000000e-01
   1.7499999999999999e-01   9.5855215000000005e-01
   1.7377667999999999e-01   9.6127667999999999e-01
   1.7345102000000001e-01   9.6250000000000002e-01
   1.7499999999999999e-01   9.7184123000000000e-01
   1.7377667999999999e-01   9.6127667999999999e-01
   1.7345102000000001e-01   9.6250000000000002e-01
   1.7499999999999999e-01   9.7673653999999999e-01
   1.7231500999999999e-01   9.8481501000000005e-01
   1.7276046000000000e-01   9.9776045999999996e-01
   1.7187707999999999e-01   9.8750000000000004e-01
   1.7231500999999999e-01   9.8481501000000005e-01
   1.7187707999999999e-01   9.8750000000000004e-01
   1.7286898000000001e-01   1.0000000000000000e+00
   1.7276046000000000e-01   9.9776045999999996e-01
   1.7221808999999999e-01   1.0097181000000000e+00
   1.7286898000000001e-01   1.0000000000000000e+00
   1.7369419999999999e-01   1.0236942000000000e+00
   1.7208382000000000e-01   1.0125000000000000e+00
   1.7221808999999999e-01   1.0097181000000000e+00
   1.7208382000000000e-01   1.0125000000000000e+00
   1.7386937000000000e-01   1.0249999999999999e+00
   1.7369419999999999e-01   1.0236942000000000e+00
   1.7464150000000001e-01   1.0371414999999999e+00
   1.7386937000000000e-01   1.0249999999999999e+00
   1.7466383999999999e-01   1.0375000000000001e+00
   1.7499999999999999e-01   1.0392683000000000e+00
   1.7464150000000001e-01   1.0371414999999999e+00
   1.7466383999999999e-01   1.0375000000000001e+00
