   4.8777050999999999e-01   1.3372295000000001e+00
   5.0000000000000000e-01   1.3375546000000000e+00
   4.6464269000000002e-01   1.3353573000000001e+00
   4.7499999999999998e-01   1.3368537000000000e+00
   4.8777050999999999e-01   1.3372295000000001e+00
   4.7499999999999998e-01   1.3368537000000000e+00
   4.5000000000000001e-01   1.3329441000000000e+00
   4.6464269000000002e-01   1.3353573000000001e+00
   4.4358558999999997e-01   1.3314144000000001e+00
   4.5000000000000001e-01   1.3329441000000000e+00
   4.2394316999999998e-01   1.3260567999999999e+00
   4.2499999999999999e-01   1.3264054000000001e+00
   4.4358558999999997e-01   1.3314144000000001e+00
   4.2499999999999999e-01   1.3264054000000001e+00
   4.0549326000000002e-01   1.3195067000000000e+00
   4.0000000000000002e-01   1.3173935999999999e+00
   4.2100453999999998e-01   1.3250000000000000e+00
   4.2394316999999998e-01   1.3260567999999999e+00
   4.2100453999999998e-01   1.3250000000000000e+00
   4.0549326000000002e-01   1.3195067000000000e+00
   4.0000000000000002e-01   1.3173935999999999e+00
   3.8773563000000000e-01   1.3122644000000001e+00
   3.6210778999999998e-01   1.3000000000000000e+00
   3.7061314000000001e-01   1.3043868999999999e+00
   3.8773563000000000e-01   1.3122644000000001e+00
   3.7500000000000000e-01   1.3064891000000001e+00
   3.7500000000000000e-01   1.3064891000000001e+00
   3.7061314000000001e-01   1.3043868999999999e+00
   3.5406501000000001e-01   1.2959350000000001e+00
   3.6210778999999998e-01   1.3000000000000000e+00
   3.4999999999999998e-01   1.2935459000000000e+00
   3.5406501000000001e-01   1.2959350000000001e+00
   3.3854223000000000e-01   1.2864578000000000e+00
   3.4999999999999998e-01   1.2935459000000000e+00
   3.2387813999999998e-01   1.2761218999999999e+00
   3.2500000000000001e-01   1.2769366000000000e+00
   3.3854223000000000e-01   1.2864578000000000e+00
   3.2500000000000001e-01   1.2769366000000000e+00
   3.1016872000000001e-01   1.2648313000000000e+00
   2.9999999999999999e-01   1.2555498000000000e+00
   3.2252946999999998e-01   1.2749999999999999e+00
   3.2387813999999998e-01   1.2761218999999999e+00
   3.2252946999999998e-01   1.2749999999999999e+00
   3.1016872000000001e-01   1.2648313000000000e+00
   2.9999999999999999e-01   1.2555498000000000e+00
   2.9710178999999998e-01   1.2528982000000000e+00
   2.9710178999999998e-01   1.2528982000000000e+00
   2.9402651000000002e-01   1.2500000000000000e+00
   2.9402651000000002e-01   1.2500000000000000e+00
   2.8421394000000000e-01   1.2407861000000000e+00
   2.7195947999999998e-01   1.2280405000000001e+00
   2.7500000000000002e-01   1.2311881000000000e+00
   2.8421394000000000e-01   1.2407861000000000e+00
   2.7500000000000002e-01   1.2311881000000000e+00
   2.5058780000000003e-01   1.2000000000000000e+00
   2.6076728999999998e-01   1.2142326999999999e+00
   2.6946452999999998e-01   1.2250000000000001e+00
   2.7195947999999998e-01   1.2280405000000001e+00
   2.6946452999999998e-01   1.2250000000000001e+00
   2.6076728999999998e-01   1.2142326999999999e+00
   2.5034651000000002e-01   1.1996534999999999e+00
   2.5058780000000003e-01   1.2000000000000000e+00
   2.5000000000000000e-01   1.1991031999999999e+00
   2.5034651000000002e-01   1.1996534999999999e+00
   2.3476770000000000e-01   1.1750000000000000e+00
   2.3105679000000001e-01   1.1689432000000000e+00
   2.4063556000000000e-01   1.1843644000000000e+00
   2.5000000000000000e-01   1.1991031999999999e+00
   2.4063556000000000e-01   1.1843644000000000e+00
   2.3476770000000000e-01   1.1750000000000000e+00
   2.2102437999999999e-01   1.1499999999999999e+00
   2.2234351999999999e-01   1.1526565000000000e+00
   2.3105679000000001e-01   1.1689432000000000e+00
   2.2500000000000001e-01   1.1575479000000000e+00
   2.2500000000000001e-01   1.1575479000000000e+00
   2.2234351999999999e-01   1.1526565000000000e+00
   2.1432506000000001e-01   1.1356748999999999e+00
   2.2102437999999999e-01   1.1499999999999999e+00
   2.0052581999999999e-01   1.1000000000000001e+00
   2.0692277000000001e-01   1.1180772000000001e+00
   2.0970000000000000e-01   1.1250000000000000e+00
   2.1432506000000001e-01   1.1356748999999999e+00
   2.0970000000000000e-01   1.1250000000000000e+00
   2.0692277000000001e-01   1.1180772000000001e+00
   2.0039720000000000e-01   1.0996028000000000e+00
   2.0052581999999999e-01   1.1000000000000001e+00
   2.0000000000000001e-01   1.0985016999999999e+00
   2.0039720000000000e-01   1.0996028000000000e+00
   1.9210314000000001e-01   1.0750000000000000e+00
   1.9015678999999999e-01   1.0598432000000000e+00
   1.9373282999999999e-01   1.0812672000000001e+00
   2.0000000000000001e-01   1.0985016999999999e+00
   1.9373282999999999e-01   1.0812672000000001e+00
   1.9210314000000001e-01   1.0750000000000000e+00
   1.9015678999999999e-01   1.0598432000000000e+00
   1.8871436999999999e-01   1.0500000000000000e+00
   5.0000000000000000e-01   1.0015094000000000e+00
   4.9849821999999999e-01   1.0015018000000000e+00
   4.7362905000000000e-01   1.0013710000000000e+00
   4.5000000000000001e-01   1.0017385000000001e+00
   4.9849821999999999e-01   1.0015018000000000e+00
   4.7499999999999998e-01   1.0013555000000001e+00
   4.7499999999999998e-01   1.0013555000000001e+00
   4.7362905000000000e-01   1.0013710000000000e+00
   4.5000000000000001e-01   1.0017385000000001e+00
   4.4823927000000002e-01   1.0017606999999999e+00
   4.2302968000000002e-01   1.0019703000000000e+00
   4.0000000000000002e-01   1.0024264000000001e+00
   4.4823927000000002e-01   1.0017606999999999e+00
   4.2499999999999999e-01   1.0019366000000001e+00
   4.2499999999999999e-01   1.0019366000000001e+00
   4.2302968000000002e-01   1.0019703000000000e+00
   4.0000000000000002e-01   1.0024264000000001e+00
   3.9751521000000001e-01   1.0024848000000000e+00
   3.7208745999999998e-01   1.0029125000000001e+00
   3.4999999999999998e-01   1.0037247000000000e+00
   3.9751521000000001e-01   1.0024848000000000e+00
   3.7500000000000000e-01   1.0028370000000000e+00
   3.7500000000000000e-01   1.0028370000000000e+00
   3.7208745999999998e-01   1.0029125000000001e+00
   3.4999999999999998e-01   1.0037247000000000e+00
   3.4621597999999998e-01   1.0037840000000000e+00
   3.2107402000000002e-01   1.0039260000000001e+00
   2.9999999999999999e-01   1.0018095000000000e+00
   3.4621597999999998e-01   1.0037840000000000e+00
   3.2500000000000001e-01   1.0042289000000000e+00
   3.2500000000000001e-01   1.0042289000000000e+00
   3.2107402000000002e-01   1.0039260000000001e+00
   2.9999999999999999e-01   1.0018095000000000e+00
   2.9844630000000000e-01   1.0015537000000001e+00
   2.9844630000000000e-01   1.0015537000000001e+00
   2.9540354000000002e-01   1.0000000000000000e+00
   1.8601740999999999e-01   1.0249999999999999e+00
   1.8545879000000001e-01   1.0145412000000000e+00
   1.8871436999999999e-01   1.0500000000000000e+00
   1.8727658000000000e-01   1.0377234000000000e+00
   1.8727658000000000e-01   1.0377234000000000e+00
   1.8601740999999999e-01   1.0249999999999999e+00
   1.8545879000000001e-01   1.0145412000000000e+00
   1.8484030000000001e-01   1.0000000000000000e+00
   2.9540354000000002e-01   1.0000000000000000e+00
   2.8107441999999999e-01   9.9392557999999998e-01
   2.6218093999999997e-01   9.8781905999999997e-01
   2.7500000000000002e-01   9.9203180000000002e-01
   2.8107441999999999e-01   9.9392557999999998e-01
   2.7500000000000002e-01   9.9203180000000002e-01
   2.5019340000000001e-01   9.7480659999999997e-01
   2.5000000000000000e-01   9.7461054999999996e-01
   2.5039661000000002e-01   9.7499999999999998e-01
   2.6218093999999997e-01   9.8781905999999997e-01
   2.5039661000000002e-01   9.7499999999999998e-01
   2.5019340000000001e-01   9.7480659999999997e-01
   2.5000000000000000e-01   9.7461054999999996e-01
   2.3710032000000000e-01   9.6289968000000004e-01
   2.3710032000000000e-01   9.6289968000000004e-01
   2.3276891999999999e-01   9.4999999999999996e-01
   1.8534274000000001e-01   9.7499999999999998e-01
   1.8574760000000001e-01   9.6425240000000001e-01
   1.8484030000000001e-01   1.0000000000000000e+00
   1.8512354000000000e-01   9.8987645999999996e-01
   1.8512354000000000e-01   9.8987645999999996e-01
   1.8534274000000001e-01   9.7499999999999998e-01
   1.8574760000000001e-01   9.6425240000000001e-01
   1.8583569000000000e-01   9.4999999999999996e-01
   2.3188845000000000e-01   9.2500000000000004e-01
   2.3045257999999999e-01   9.1954742000000000e-01
   2.3276891999999999e-01   9.4999999999999996e-01
   2.3245650000000001e-01   9.4254349999999998e-01
   2.3245650000000001e-01   9.4254349999999998e-01
   2.3188845000000000e-01   9.2500000000000004e-01
   2.2162239000000000e-01   9.0000000000000002e-01
   2.2210614000000001e-01   9.0289386000000005e-01
   2.3045257999999999e-01   9.1954742000000000e-01
   2.2500000000000001e-01   9.0715100000000004e-01
   2.2500000000000001e-01   9.0715100000000004e-01
   2.2210614000000001e-01   9.0289386000000005e-01
   1.8138587000000000e-01   9.2500000000000004e-01
   1.8226162000000001e-01   9.1773837999999996e-01
   1.8583569000000000e-01   9.4999999999999996e-01
   1.8320560999999999e-01   9.4179438999999998e-01
   1.8320560999999999e-01   9.4179438999999998e-01
   1.8138587000000000e-01   9.2500000000000004e-01
   1.8226162000000001e-01   9.1773837999999996e-01
   1.8328738000000000e-01   9.0000000000000002e-01
   2.1580793000000001e-01   8.8419207000000000e-01
   2.2162239000000000e-01   9.0000000000000002e-01
   2.0543051000000001e-01   8.4999999999999998e-01
   2.1127088999999999e-01   8.6372910999999997e-01
   2.1454432000000001e-01   8.7500000000000000e-01
   2.1580793000000001e-01   8.8419207000000000e-01
   2.1454432000000001e-01   8.7500000000000000e-01
   2.1127088999999999e-01   8.6372910999999997e-01
   1.8466368000000000e-01   8.7500000000000000e-01
   1.9127134000000001e-01   8.5872866000000003e-01
   1.8328738000000000e-01   9.0000000000000002e-01
   1.8450136000000000e-01   8.9049864000000001e-01
   1.8450136000000000e-01   8.9049864000000001e-01
   1.8466368000000000e-01   8.7500000000000000e-01
   1.9127134000000001e-01   8.5872866000000003e-01
   1.9446016999999999e-01   8.4999999999999998e-01
   2.0357328000000000e-01   8.4642671999999997e-01
   2.0543051000000001e-01   8.4999999999999998e-01
   2.0000000000000001e-01   8.4116974000000000e-01
   2.0357328000000000e-01   8.4642671999999997e-01
   1.9446016999999999e-01   8.4999999999999998e-01
   2.0000000000000001e-01   8.4116974000000000e-01
   1.8358042999999999e-01   7.7500000000000002e-01
   1.8555737000000000e-01   7.6444263000000001e-01
   1.6855607000000000e-01   7.8144393000000001e-01
   1.7499999999999999e-01   7.9956687999999998e-01
   1.7499999999999999e-01   7.9956687999999998e-01
   1.8358042999999999e-01   7.7500000000000002e-01
   1.6210448000000000e-01   7.5000000000000000e-01
   1.6389359000000001e-01   7.6110641000000001e-01
   1.8555737000000000e-01   7.6444263000000001e-01
   1.8842565000000000e-01   7.5000000000000000e-01
   1.6662492000000001e-01   7.7500000000000002e-01
   1.6855607000000000e-01   7.8144393000000001e-01
   1.6662492000000001e-01   7.7500000000000002e-01
   1.6389359000000001e-01   7.6110641000000001e-01
   2.1342969000000001e-01   6.9999999999999996e-01
   2.0000000000000001e-01   7.2440050000000000e-01
   2.0000000000000001e-01   7.2440050000000000e-01
   1.9957303000000001e-01   7.2499999999999998e-01
   1.8842565000000000e-01   7.5000000000000000e-01
   1.9941070999999999e-01   7.2558929000000005e-01
   1.6008011000000000e-01   7.3991989000000002e-01
   1.6210448000000000e-01   7.5000000000000000e-01
   1.9941070999999999e-01   7.2558929000000005e-01
   1.9957303000000001e-01   7.2499999999999998e-01
   1.6130627000000000e-01   6.9999999999999996e-01
   1.6008068000000000e-01   7.1491932000000002e-01
   1.5835439000000001e-01   7.2499999999999998e-01
   1.6008011000000000e-01   7.3991989000000002e-01
   1.5835439000000001e-01   7.2499999999999998e-01
   1.6008068000000000e-01   7.1491932000000002e-01
   2.1429725999999999e-01   6.8570273999999998e-01
   2.1342969000000001e-01   6.9999999999999996e-01
   2.1853408999999999e-01   6.5000000000000002e-01
   2.1764707000000000e-01   6.5735292999999995e-01
   2.1543775000000001e-01   6.7500000000000004e-01
   2.1429725999999999e-01   6.8570273999999998e-01
   2.1543775000000001e-01   6.7500000000000004e-01
   2.1764707000000000e-01   6.5735292999999995e-01
   1.6106029999999999e-01   6.8893970000000004e-01
   1.6130627000000000e-01   6.9999999999999996e-01
   1.6375368000000001e-01   6.5000000000000002e-01
   1.6235211999999999e-01   6.6264787999999997e-01
   1.6100668000000001e-01   6.7500000000000004e-01
   1.6106029999999999e-01   6.8893970000000004e-01
   1.6100668000000001e-01   6.7500000000000004e-01
   1.6235211999999999e-01   6.6264787999999997e-01
   2.2004362000000000e-01   6.2995637999999998e-01
   2.1853408999999999e-01   6.5000000000000002e-01
   2.1969973000000001e-01   5.9999999999999998e-01
   2.1970766999999999e-01   6.0529233000000005e-01
   2.2040071999999999e-01   6.2500000000000000e-01
   2.2004362000000000e-01   6.2995637999999998e-01
   2.2040071999999999e-01   6.2500000000000000e-01
   2.1970766999999999e-01   6.0529233000000005e-01
   1.6609051999999999e-01   6.3390948000000003e-01
   1.6375368000000001e-01   6.5000000000000002e-01
   1.7499999999999999e-01   6.0462866999999998e-01
   1.7697361000000000e-01   5.9999999999999998e-01
   1.6710553000000000e-01   6.2500000000000000e-01
   1.6609051999999999e-01   6.3390948000000003e-01
   1.7499999999999999e-01   6.0462866999999998e-01
   1.6710553000000000e-01   6.2500000000000000e-01
   2.1562292000000000e-01   5.8437707999999999e-01
   2.1969973000000001e-01   5.9999999999999998e-01
   2.0756142000000000e-01   5.6743858000000003e-01
   2.0000000000000001e-01   5.5336118999999995e-01
   2.1137860999999999e-01   5.7499999999999996e-01
   2.1562292000000000e-01   5.8437707999999999e-01
   2.1137860999999999e-01   5.7499999999999996e-01
   2.0756142000000000e-01   5.6743858000000003e-01
   2.0000000000000001e-01   5.5336118999999995e-01
   1.8886878000000001e-01   5.7499999999999996e-01
   1.7697361000000000e-01   5.9999999999999998e-01
   1.7864977000000001e-01   5.9635022999999998e-01
   1.7864977000000001e-01   5.9635022999999998e-01
   1.8886878000000001e-01   5.7499999999999996e-01
   8.2476435000000003e-01   5.9976434999999995e-01
   8.2488678000000004e-01   5.9999999999999998e-01
   8.1124812000000002e-01   5.7499999999999996e-01
   8.0000000000000004e-01   5.5518190000000001e-01
   8.1124812000000002e-01   5.7499999999999996e-01
   8.2476435000000003e-01   5.9976434999999995e-01
   8.2488678000000004e-01   5.9999999999999998e-01
   8.2499999999999996e-01   6.0024997999999996e-01
   8.3522350999999995e-01   6.3522350999999999e-01
   8.3467866000000002e-01   6.2500000000000000e-01
   8.3467866000000002e-01   6.2500000000000000e-01
   8.2499999999999996e-01   6.0024997999999996e-01
   8.3649141999999999e-01   6.5000000000000002e-01
   8.3522350999999995e-01   6.3522350999999999e-01
   8.3765226000000004e-01   6.6265225999999999e-01
   8.3649141999999999e-01   6.5000000000000002e-01
   8.3909522999999997e-01   6.8909522999999995e-01
   8.3865880000000004e-01   6.7500000000000004e-01
   8.3765226000000004e-01   6.6265225999999999e-01
   8.3865880000000004e-01   6.7500000000000004e-01
   8.3949428000000004e-01   6.9999999999999996e-01
   8.3909522999999997e-01   6.8909522999999995e-01
   8.4019569000000005e-01   7.1519569000000005e-01
   8.3949428000000004e-01   6.9999999999999996e-01
   8.3856080000000000e-01   7.3856080000000002e-01
   8.4054152999999998e-01   7.2499999999999998e-01
   8.4019569000000005e-01   7.1519569000000005e-01
   8.4054152999999998e-01   7.2499999999999998e-01
   8.0000000000000004e-01   7.3148714999999997e-01
   8.1092827999999995e-01   7.5000000000000000e-01
   8.3710441999999996e-01   7.5000000000000000e-01
   8.3856080000000000e-01   7.3856080000000002e-01
   8.1092827999999995e-01   7.5000000000000000e-01
   8.1539452999999995e-01   7.6539453000000002e-01
   8.3494166000000003e-01   7.5994165999999996e-01
   8.3710441999999996e-01   7.5000000000000000e-01
   8.2950548000000002e-01   7.7950547999999997e-01
   8.3105943000000004e-01   7.7500000000000002e-01
   8.3494166000000003e-01   7.5994165999999996e-01
   8.3105943000000004e-01   7.7500000000000002e-01
   8.1539452999999995e-01   7.6539453000000002e-01
   8.1856923999999998e-01   7.7500000000000002e-01
   8.2499999999999996e-01   7.8871566000000004e-01
   8.2950548000000002e-01   7.7950547999999997e-01
   8.1856923999999998e-01   7.7500000000000002e-01
   8.2499999999999996e-01   7.8871566000000004e-01
   8.0000000000000004e-01   8.3185975999999995e-01
   8.0754020999999998e-01   8.4999999999999998e-01
   8.0754020999999998e-01   8.4999999999999998e-01
   8.1238827000000002e-01   8.6238826999999996e-01
   8.1546103000000003e-01   8.9046102999999999e-01
   8.1629353999999998e-01   9.0000000000000002e-01
   8.1238827000000002e-01   8.6238826999999996e-01
   8.1726531999999996e-01   8.7500000000000000e-01
   8.1726531999999996e-01   8.7500000000000000e-01
   8.1546103000000003e-01   8.9046102999999999e-01
   8.1629353999999998e-01   9.0000000000000002e-01
   8.1588762999999997e-01   9.1588762999999995e-01
   8.1525104999999998e-01   9.4025104999999998e-01
   8.1353063999999997e-01   9.4999999999999996e-01
   8.1588762999999997e-01   9.1588762999999995e-01
   8.1575072999999998e-01   9.2500000000000004e-01
   8.1575072999999998e-01   9.2500000000000004e-01
   8.1525104999999998e-01   9.4025104999999998e-01
   8.1353063999999997e-01   9.4999999999999996e-01
   8.1441761000000001e-01   9.6441761000000004e-01
   8.1508068000000000e-01   9.9008068000000005e-01
   8.1536688999999996e-01   1.0000000000000000e+00
   8.1441761000000001e-01   9.6441761000000004e-01
   8.1501716999999996e-01   9.7499999999999998e-01
   8.1501716999999996e-01   9.7499999999999998e-01
   8.1508068000000000e-01   9.9008068000000005e-01
   8.1536688999999996e-01   1.0000000000000000e+00
   8.1472169999999999e-01   1.0147216999999999e+00
   8.1278565999999997e-01   1.0377856999999999e+00
   8.1162725999999996e-01   1.0500000000000000e+00
   8.1472169999999999e-01   1.0147216999999999e+00
   8.1402260000000004e-01   1.0249999999999999e+00
   8.1402260000000004e-01   1.0249999999999999e+00
   8.1278565999999997e-01   1.0377856999999999e+00
   8.1162725999999996e-01   1.0500000000000000e+00
   8.1004094999999998e-01   1.0600409000000000e+00
   8.0000000000000004e-01   1.0990810000000000e+00
   8.0597794000000000e-01   1.0809778999999999e+00
   8.1004094999999998e-01   1.0600409000000000e+00
   8.0756729999999999e-01   1.0750000000000000e+00
   8.0756729999999999e-01   1.0750000000000000e+00
   8.0597794000000000e-01   1.0809778999999999e+00
   8.0000000000000004e-01   5.5518190000000001e-01
   7.9264171000000005e-01   5.6764170999999997e-01
   7.8408266000000004e-01   5.8408265999999998e-01
   7.8860275000000002e-01   5.7499999999999996e-01
   7.9264171000000005e-01   5.6764170999999997e-01
   7.8860275000000002e-01   5.7499999999999996e-01
   7.8001957000000000e-01   5.9999999999999998e-01
   7.8408266000000004e-01   5.8408265999999998e-01
   7.8025257000000003e-01   6.0525256999999999e-01
   7.8001957000000000e-01   5.9999999999999998e-01
   7.8020915000000002e-01   6.3020915000000000e-01
   7.8002654000000005e-01   6.2500000000000000e-01
   7.8025257000000003e-01   6.0525256999999999e-01
   7.8002654000000005e-01   6.2500000000000000e-01
   7.8101503999999999e-01   6.5000000000000002e-01
   7.8020915000000002e-01   6.3020915000000000e-01
   7.8215352999999999e-01   6.5715352999999999e-01
   7.8101503999999999e-01   6.5000000000000002e-01
   7.8570002000000005e-01   6.8570001999999997e-01
   7.8517263000000004e-01   6.7500000000000004e-01
   7.8215352999999999e-01   6.5715352999999999e-01
   7.8517263000000004e-01   6.7500000000000004e-01
   7.8564902999999997e-01   6.9999999999999996e-01
   7.8570002000000005e-01   6.8570001999999997e-01
   7.9384226000000002e-01   7.1884225999999996e-01
   7.8564902999999997e-01   6.9999999999999996e-01
   7.9631540000000001e-01   7.2499999999999998e-01
   8.0000000000000004e-01   7.3148714999999997e-01
   7.9384226000000002e-01   7.1884225999999996e-01
   7.9631540000000001e-01   7.2499999999999998e-01
   7.9471504000000004e-01   8.4471503999999997e-01
   8.0000000000000004e-01   8.3185975999999995e-01
   7.9241223999999999e-01   8.4999999999999998e-01
   7.9471504000000004e-01   8.4471503999999997e-01
   7.8756108000000002e-01   8.6256107999999998e-01
   7.9241223999999999e-01   8.4999999999999998e-01
   7.8359913999999997e-01   8.8359913999999995e-01
   7.8442732999999998e-01   8.7500000000000000e-01
   7.8756108000000002e-01   8.6256107999999998e-01
   7.8442732999999998e-01   8.7500000000000000e-01
   7.7575477000000004e-01   9.0000000000000002e-01
   7.8359913999999997e-01   8.8359913999999995e-01
   7.7500000000000002e-01   9.0209333000000003e-01
   7.6996341999999995e-01   9.1996341999999998e-01
   7.7577222000000001e-01   9.0077222000000001e-01
   7.7575477000000004e-01   9.0000000000000002e-01
   7.7577222000000001e-01   9.0077222000000001e-01
   7.7500000000000002e-01   9.0209333000000003e-01
   7.6804693000000002e-01   9.4304692999999995e-01
   7.6743335000000001e-01   9.4999999999999996e-01
   7.6996341999999995e-01   9.1996341999999998e-01
   7.6893436000000004e-01   9.2500000000000004e-01
   7.6893436000000004e-01   9.2500000000000004e-01
   7.6804693000000002e-01   9.4304692999999995e-01
   7.6743335000000001e-01   9.4999999999999996e-01
   7.6227407999999997e-01   9.6227408000000003e-01
   7.5000000000000000e-01   9.7628923999999995e-01
   7.5186863999999998e-01   9.7686863999999995e-01
   7.6227407999999997e-01   9.6227408000000003e-01
   7.5121386000000001e-01   9.7499999999999998e-01
   7.5121386000000001e-01   9.7499999999999998e-01
   7.5186863999999998e-01   9.7686863999999995e-01
   7.9977560999999997e-01   1.0997756000000001e+00
   8.0000000000000004e-01   1.0990810000000000e+00
   7.9969864000000002e-01   1.1000000000000001e+00
   7.9977560999999997e-01   1.0997756000000001e+00
   7.9314052999999995e-01   1.1181405000000000e+00
   7.9969864000000002e-01   1.1000000000000001e+00
   7.8575552999999998e-01   1.1357554999999999e+00
   7.9047478999999998e-01   1.1250000000000000e+00
   7.9314052999999995e-01   1.1181405000000000e+00
   7.9047478999999998e-01   1.1250000000000000e+00
   7.7887532999999998e-01   1.1499999999999999e+00
   7.8575552999999998e-01   1.1357554999999999e+00
   7.7500000000000002e-01   1.1573705999999999e+00
   7.6890055999999996e-01   1.1689006000000000e+00
   7.7758064000000005e-01   1.1525806000000001e+00
   7.7887532999999998e-01   1.1499999999999999e+00
   7.7758064000000005e-01   1.1525806000000001e+00
   7.7500000000000002e-01   1.1573705999999999e+00
   7.5000000000000000e-01   1.1992780999999999e+00
   7.5937502999999995e-01   1.1843750000000000e+00
   7.6890055999999996e-01   1.1689006000000000e+00
   7.6521123999999996e-01   1.1750000000000000e+00
   7.6521123999999996e-01   1.1750000000000000e+00
   7.5937502999999995e-01   1.1843750000000000e+00
   7.3836491999999998e-01   9.8836491999999998e-01
   7.5000000000000000e-01   9.7628923999999995e-01
   7.2180473999999994e-01   9.9680473999999997e-01
   7.1436717999999999e-01   1.0000000000000000e+00
   7.2499999999999998e-01   9.9552750000000001e-01
   7.3836491999999998e-01   9.8836491999999998e-01
   7.2499999999999998e-01   9.9552750000000001e-01
   7.2180473999999994e-01   9.9680473999999997e-01
   7.1436717999999999e-01   1.0000000000000000e+00
   7.0481426000000003e-01   1.0048143000000000e+00
   7.0481426000000003e-01   1.0048143000000000e+00
   6.9999999999999996e-01   1.0055660000000000e+00
   7.4972260000000002e-01   1.1997226000000001e+00
   7.5000000000000000e-01   1.1992780999999999e+00
   7.4952872999999998e-01   1.2000000000000000e+00
   7.4972260000000002e-01   1.1997226000000001e+00
   7.3925881999999998e-01   1.2142588000000001e+00
   7.4952872999999998e-01   1.2000000000000000e+00
   7.2804725000000003e-01   1.2280472000000000e+00
   7.3055071000000005e-01   1.2250000000000001e+00
   7.3925881999999998e-01   1.2142588000000001e+00
   7.3055071000000005e-01   1.2250000000000001e+00
   7.1580474999999999e-01   1.2408047000000000e+00
   7.0594482000000003e-01   1.2500000000000000e+00
   7.2499999999999998e-01   1.2312046999999999e+00
   7.2804725000000003e-01   1.2280472000000000e+00
   7.2499999999999998e-01   1.2312046999999999e+00
   7.1580474999999999e-01   1.2408047000000000e+00
   7.0594482000000003e-01   1.2500000000000000e+00
   7.0287584999999997e-01   1.2528758000000000e+00
   7.0287584999999997e-01   1.2528758000000000e+00
   6.9999999999999996e-01   1.2555224000000000e+00
   6.7500000000000004e-01   1.0058498000000000e+00
   6.5539031999999997e-01   1.0053903000000000e+00
   6.9999999999999996e-01   1.0055660000000000e+00
   6.8072955999999996e-01   1.0057296000000000e+00
   6.8072955999999996e-01   1.0057296000000000e+00
   6.7500000000000004e-01   1.0058498000000000e+00
   6.5539031999999997e-01   1.0053903000000000e+00
   6.5000000000000002e-01   1.0052691000000000e+00
   6.9999999999999996e-01   1.2555224000000000e+00
   6.8984539000000000e-01   1.2648454000000000e+00
   6.7612591000000000e-01   1.2761259000000000e+00
   6.7748206000000000e-01   1.2749999999999999e+00
   6.8984539000000000e-01   1.2648454000000000e+00
   6.7748206000000000e-01   1.2749999999999999e+00
   6.5000000000000002e-01   1.2936057000000001e+00
   6.6148675000000001e-01   1.2864868000000000e+00
   6.7500000000000004e-01   1.2769465000000000e+00
   6.7612591000000000e-01   1.2761259000000000e+00
   6.7500000000000004e-01   1.2769465000000000e+00
   6.6148675000000001e-01   1.2864868000000000e+00
   6.2500000000000000e-01   1.0037256999999999e+00
   6.0351569000000005e-01   1.0035156999999999e+00
   6.5000000000000002e-01   1.0052691000000000e+00
   6.2894044000000005e-01   1.0039404000000001e+00
   6.2894044000000005e-01   1.0039404000000001e+00
   6.2500000000000000e-01   1.0037256999999999e+00
   6.0351569000000005e-01   1.0035156999999999e+00
   5.9999999999999998e-01   1.0034521999999999e+00
   6.4597285000000004e-01   1.2959729000000000e+00
   6.5000000000000002e-01   1.2936057000000001e+00
   6.3796892000000005e-01   1.3000000000000000e+00
   6.4597285000000004e-01   1.2959729000000000e+00
   6.2500000000000000e-01   1.3065087000000000e+00
   6.1228674000000005e-01   1.3122867000000000e+00
   6.2939906999999995e-01   1.3043990999999999e+00
   6.3796892000000005e-01   1.3000000000000000e+00
   6.2939906999999995e-01   1.3043990999999999e+00
   6.2500000000000000e-01   1.3065087000000000e+00
   6.1228674000000005e-01   1.3122867000000000e+00
   5.9999999999999998e-01   1.3174300000000001e+00
   5.7499999999999996e-01   1.0027178999999999e+00
   5.5229876000000000e-01   1.0022987999999999e+00
   5.9999999999999998e-01   1.0034521999999999e+00
   5.7778779999999996e-01   1.0027877999999999e+00
   5.7778779999999996e-01   1.0027877999999999e+00
   5.7499999999999996e-01   1.0027178999999999e+00
   5.5229876000000000e-01   1.0022987999999999e+00
   5.5000000000000004e-01   1.0022426000000000e+00
   5.9999999999999998e-01   1.3174300000000001e+00
   5.9453126999999995e-01   1.3195313000000000e+00
   5.7607001000000002e-01   1.3260700000000001e+00
   5.7905236000000004e-01   1.3250000000000000e+00
   5.9453126999999995e-01   1.3195313000000000e+00
   5.7905236000000004e-01   1.3250000000000000e+00
   5.5000000000000004e-01   1.3329517000000000e+00
   5.5642192999999995e-01   1.3314219000000000e+00
   5.7499999999999996e-01   1.3264222000000001e+00
   5.7607001000000002e-01   1.3260700000000001e+00
   5.7499999999999996e-01   1.3264222000000001e+00
   5.5642192999999995e-01   1.3314219000000000e+00
   5.2500000000000002e-01   1.0015852999999999e+00
   5.0151573999999999e-01   1.0015156999999999e+00
   5.5000000000000004e-01   1.0022426000000000e+00
   5.2662087999999996e-01   1.0016209000000000e+00
   5.2662087999999996e-01   1.0016209000000000e+00
   5.2500000000000002e-01   1.0015852999999999e+00
   5.0151573999999999e-01   1.0015156999999999e+00
   5.0000000000000000e-01   1.0015094000000000e+00
   5.3536200000000000e-01   1.3353619999999999e+00
   5.5000000000000004e-01   1.3329517000000000e+00
   5.0000000000000000e-01   1.3375546000000000e+00
   5.1223145999999997e-01   1.3372314999999999e+00
   5.2500000000000002e-01   1.3368579000000000e+00
   5.3536200000000000e-01   1.3353619999999999e+00
   5.2500000000000002e-01   1.3368579000000000e+00
   5.1223145999999997e-01   1.3372314999999999e+00
